{"n_estimators": 200, "n_features": 3289, "trees": [{"node_count": 147, "children_left": [1, 2, 3, 4, 5, 6, 7, 8, 9, 10, 11, 12, 13, 14, 15, 16, 17, 18, 19, 20, 21, 22, 23, 24, 25, -1, -1, -1, -1, -1, -1, 32, 33, 34, 35, 36, -1, -1, -1, -1, -1, -1, -1, -1, -1, -1, -1, -1, -1, -1, -1, -1, -1, -1, -1, -1, -1, 58, 59, 60, 61, 62, 63, 64, 65, 66, 67, 68, 69, 70, 71, -1, -1, -1, 75, -1, -1, -1, 79, 80, 81, 82, 83, 84, 85, 86, -1, 88, 89, -1, -1, -1, -1, -1, -1, -1, -1, -1, -1, -1, -1, 102, -1, -1, -1, -1, -1, -1, -1, -1, -1, 112, 113, 114, 115, -1, -1, -1, -1, -1, 121, 122, 123, 124, -1, -1, -1, -1, 129, 130, 131, 132, 133, 134, 135, 136, 137, -1, -1, -1, -1, -1, -1, -1, -1, -1, -1], "children_right": [120, 111, 110, 57, 56, 55, 54, 53, 52, 51, 50, 49, 48, 47, 46, 45, 44, 43, 42, 31, 30, 29, 28, 27, 26, -1, -1, -1, -1, -1, -1, 41, 40, 39, 38, 37, -1, -1, -1, -1, -1, -1, -1, -1, -1, -1, -1, -1, -1, -1, -1, -1, -1, -1, -1, -1, -1, 109, 108, 107, 106, 105, 104, 101, 100, 99, 78, 77, 74, 73, 72, -1, -1, -1, 76, -1, -1, -1, 98, 97, 96, 95, 94, 93, 92, 87, -1, 91, 90, -1, -1, -1, -1, -1, -1, -1, -1, -1, -1, -1, -1, 103, -1, -1, -1, -1, -1, -1, -1, -1, -1, 119, 118, 117, 116, -1, -1, -1, -1, -1, 128, 127, 126, 125, -1, -1, -1, -1, 146, 145, 144, 143, 142, 141, 140, 139, 138, -1, -1, -1, -1, -1, -1, -1, -1, -1, -1], "feature": [553, 1668, 1258, 3274, 2084, 276, 148, 3200, 2138, 2434, 2729, 140, 2900, 2994, 625, 3047, 2631, 674, 1095, 2934, 858, 847, 3179, 697, 134, -2, -2, -2, -2, -2, -2, 2623, 1960, 368, 7, 1720, -2, -2, -2, -2, -2, -2, -2, -2, -2, -2, -2, -2, -2, -2, -2, -2, -2, -2, -2, -2, -2, 2477, 1254, 2073, 1438, 386, 1837, 118, 1440, 3218, 485, 2485, 3271, 1923, 1280, -2, -2, -2, 3288, -2, -2, -2, 3164, 1371, 1911, 3178, 428, 1280, 1941, 3270, -2, 3278, 1911, -2, -2, -2, -2, -2, -2, -2, -2, -2, -2, -2, -2, 1500, -2, -2, -2, -2, -2, -2, -2, -2, -2, 1581, 1868, 3097, 3277, -2, -2, -2, -2, -2, 1902, 370, 2649, 3281, -2, -2, -2, -2, 140, 1248, 1246, 1653, 2604, 3232, 1202, 1705, 2414, -2, -2, -2, -2, -2, -2, -2, -2, -2, -2], "threshold": [0.5, 0.5, 0.5, 0.5, 0.5, 1.5, 0.5, 1.5, 0.5, 0.5, 0.5, 1.5, 0.5, 0.5, 0.5, 0.5, 0.5, 0.5, 0.5, 0.5, 0.5, 0.5, 0.5, 0.5, 0.5, -2.0, -2.0, -2.0, -2.0, -2.0, -2.0, 0.5, 0.5, 2.5, 0.5, 1.5, -2.0, -2.0, -2.0, -2.0, -2.0, -2.0, -2.0, -2.0, -2.0, -2.0, -2.0, -2.0, -2.0, -2.0, -2.0, -2.0, -2.0, -2.0, -2.0, -2.0, -2.0, 0.5, 0.5, 0.5, 0.5, 0.5, 0.5, 0.5, 0.5, 2.5, 0.5, 0.5, 2.5, 0.5, 0.5, -2.0, -2.0, -2.0, 0.5, -2.0, -2.0, -2.0, 0.5, 0.5, 2.5, 0.5, 0.5, 0.5, 1.5, 2.5, -2.0, 0.5, 0.5, -2.0, -2.0, -2.0, -2.0, -2.0, -2.0, -2.0, -2.0, -2.0, -2.0, -2.0, -2.0, 0.5, -2.0, -2.0, -2.0, -2.0, -2.0, -2.0, -2.0, -2.0, -2.0, 0.5, 0.5, 0.5, 0.5, -2.0, -2.0, -2.0, -2.0, -2.0, 0.5, 1.5, 0.5, 0.5, -2.0, -2.0, -2.0, -2.0, 0.5, 0.5, 0.5, 0.5, 0.5, 0.5, 0.5, 0.5, 1.5, -2.0, -2.0, -2.0, -2.0, -2.0, -2.0, -2.0, -2.0, -2.0, -2.0], "value": [[0.31369150779896016, 0.35181975736568455, 0.3344887348353553], [0.2413793103448276, 0.3857758620689655, 0.3728448275862069], [0.21889400921658986, 0.4078341013824885, 0.37327188940092165], [0.20470588235294118, 0.4164705882352941, 0.3788235294117647], [0.23113207547169812, 0.2783018867924528, 0.49056603773584906], [0.23786407766990292, 0.25728155339805825, 0.5048543689320388], [0.2474747474747475, 0.22727272727272727, 0.5252525252525253], [0.21808510638297873, 0.2393617021276596, 0.5425531914893617], [0.1744186046511628, 0.25, 0.5755813953488372], [0.17751479289940827, 0.23668639053254437, 0.5857988165680473], [0.15757575757575756, 0.24242424242424243, 0.6], [0.15, 0.23125, 0.61875], [0.1568627450980392, 0.20915032679738563, 0.6339869281045751], [0.14, 0.21333333333333335, 0.6466666666666666], [0.1292517006802721, 0.21768707482993196, 0.6530612244897959], [0.11724137931034483, 0.2206896551724138, 0.6620689655172414], [0.09929078014184398, 0.2198581560283688, 0.6808510638297872], [0.10218978102189781, 0.19708029197080293, 0.7007299270072993], [0.1037037037037037, 0.18518518518518517, 0.7111111111111111], [0.09022556390977443, 0.18796992481203006, 0.7218045112781954], [0.13333333333333333, 0.26666666666666666, 0.6], [0.11864406779661017, 0.2711864406779661, 0.6101694915254238], [0.12280701754385964, 0.24561403508771928, 0.631578947368421], [0.12727272727272726, 0.2545454545454545, 0.6181818181818182], [0.1111111111111111, 0.25925925925925924, 0.6296296296296297], [0.11538461538461539, 0.23076923076923078, 0.6538461538461539], [0.0, 1.0, 0.0], [1.0, 0.0, 0.0], [0.0, 0.0, 1.0], [0.0, 1.0, 0.0], [1.0, 0.0, 0.0], [0.0547945205479452, 0.1232876712328767, 0.821917808219178], [0.056338028169014086, 0.09859154929577464, 0.8450704225352113], [0.04285714285714286, 0.1, 0.8571428571428571], [0.028985507246376812, 0.10144927536231885, 0.8695652173913043], [0.029411764705882353, 0.08823529411764706, 0.8823529411764706], [0.015151515151515152, 0.09090909090909091, 0.8939393939393939], [0.5, 0.0, 0.5], [0.0, 1.0, 0.0], [1.0, 0.0, 0.0], [1.0, 0.0, 0.0], [0.0, 1.0, 0.0], [1.0, 0.0, 0.0], [0.0, 1.0, 0.0], [0.0, 1.0, 0.0], [0.75, 0.25, 0.0], [1.0, 0.0, 0.0], [0.6666666666666666, 0.0, 0.3333333333333333], [1.0, 0.0, 0.0], [0.0, 0.7142857142857143, 0.2857142857142857], [0.4, 0.6, 0.0], [1.0, 0.0, 0.0], [0.0, 1.0, 0.0], [0.6875, 0.125, 0.1875], [0.8, 0.0, 0.2], [0.0, 1.0, 0.0], [0.0, 1.0, 0.0], [0.1784037558685446, 0.5539906103286385, 0.2676056338028169], [0.19289340101522842, 0.5228426395939086, 0.28426395939086296], [0.19689119170984457, 0.533678756476684, 0.2694300518134715], [0.17989417989417988, 0.544973544973545, 0.2751322751322751], [0.16847826086956522, 0.5597826086956522, 0.2717391304347826], [0.1751412429378531, 0.5819209039548022, 0.24293785310734464], [0.1657142857142857, 0.5885714285714285, 0.24571428571428572], [0.16993464052287582, 0.6274509803921569, 0.20261437908496732], [0.174496644295302, 0.6442953020134228, 0.18120805369127516], [0.18055555555555555, 0.6597222222222222, 0.1597222222222222], [0.39215686274509803, 0.4117647058823529, 0.19607843137254902], [0.4166666666666667, 0.375, 0.20833333333333334], [0.08695652173913043, 0.6086956521739131, 0.30434782608695654], [0.09090909090909091, 0.5909090909090909, 0.3181818181818182], [0.1, 0.65, 0.25], [0.0, 0.0, 1.0], [0.0, 1.0, 0.0], [0.72, 0.16, 0.12], [0.8095238095238095, 0.047619047619047616, 0.14285714285714285], [0.25, 0.75, 0.0], [0.0, 1.0, 0.0], [0.06451612903225806, 0.7956989247311828, 0.13978494623655913], [0.06666666666666667, 0.8222222222222222, 0.1111111111111111], [0.045454545454545456, 0.8409090909090909, 0.11363636363636363], [0.046511627906976744, 0.8604651162790697, 0.09302325581395349], [0.04938271604938271, 0.8765432098765432, 0.07407407407407407], [0.01694915254237288, 0.9152542372881356, 0.06779661016949153], [0.018867924528301886, 0.9622641509433962, 0.018867924528301886], [0.0, 0.9803921568627451, 0.0196078431372549], [0.0, 1.0, 0.0], [0.0, 0.967741935483871, 0.03225806451612903], [0.0, 0.9615384615384616, 0.038461538461538464], [0.0, 0.9565217391304348, 0.043478260869565216], [0.0, 1.0, 0.0], [0.0, 1.0, 0.0], [0.5, 0.5, 0.0], [0.0, 0.5, 0.5], [0.13636363636363635, 0.7727272727272727, 0.09090909090909091], [0.0, 0.6, 0.4], [0.0, 0.0, 1.0], [1.0, 0.0, 0.0], [0.0, 0.0, 1.0], [0.0, 0.2, 0.8], [0.0, 0.0, 1.0], [0.13636363636363635, 0.3181818181818182, 0.5454545454545454], [0.15789473684210525, 0.21052631578947367, 0.631578947368421], [0.0, 1.0, 0.0], [1.0, 0.0, 0.0], [0.0, 0.0, 1.0], [0.6, 0.0, 0.4], [1.0, 0.0, 0.0], [0.0, 0.0, 1.0], [0.0, 0.9375, 0.0625], [0.8888888888888888, 0.0, 0.1111111111111111], [0.5666666666666667, 0.06666666666666667, 0.36666666666666664], [0.6071428571428571, 0.0, 0.39285714285714285], [0.6666666666666666, 0.0, 0.3333333333333333], [0.6956521739130435, 0.0, 0.30434782608695654], [0.5384615384615384, 0.0, 0.46153846153846156], [0.9, 0.0, 0.1], [0.0, 0.0, 1.0], [0.25, 0.0, 0.75], [0.0, 1.0, 0.0], [0.6106194690265486, 0.21238938053097345, 0.17699115044247787], [0.4222222222222222, 0.24444444444444444, 0.3333333333333333], [0.4523809523809524, 0.19047619047619047, 0.35714285714285715], [0.3333333333333333, 0.16666666666666666, 0.5], [0.125, 0.5, 0.375], [0.4090909090909091, 0.045454545454545456, 0.5454545454545454], [0.75, 0.25, 0.0], [0.0, 1.0, 0.0], [0.7352941176470589, 0.19117647058823528, 0.07352941176470588], [0.8166666666666667, 0.11666666666666667, 0.06666666666666667], [0.8448275862068966, 0.08620689655172414, 0.06896551724137931], [0.8596491228070176, 0.08771929824561403, 0.05263157894736842], [0.875, 0.08928571428571429, 0.03571428571428571], [0.9056603773584906, 0.05660377358490566, 0.03773584905660377], [0.9230769230769231, 0.057692307692307696, 0.019230769230769232], [0.9583333333333334, 0.041666666666666664, 0.0], [0.9787234042553191, 0.02127659574468085, 0.0], [1.0, 0.0, 0.0], [0.9285714285714286, 0.07142857142857142, 0.0], [0.0, 1.0, 0.0], [0.5, 0.25, 0.25], [0.0, 0.0, 1.0], [0.3333333333333333, 0.6666666666666666, 0.0], [0.0, 0.0, 1.0], [0.0, 0.0, 1.0], [0.0, 1.0, 0.0], [0.125, 0.75, 0.125]]}, {"node_count": 147, "children_left": [1, 2, 3, 4, 5, 6, 7, 8, 9, 10, 11, 12, 13, 14, 15, 16, 17, 18, -1, -1, -1, -1, -1, -1, 25, 26, 27, 28, 29, 30, 31, 32, 33, 34, 35, -1, -1, -1, -1, -1, -1, -1, -1, 44, 45, 46, 47, -1, -1, -1, -1, -1, -1, -1, -1, -1, -1, -1, 59, 60, -1, -1, -1, -1, -1, 66, 67, 68, 69, 70, 71, 72, 73, 74, 75, 76, 77, 78, 79, 80, 81, 82, -1, -1, 85, 86, 87, -1, -1, -1, -1, -1, -1, -1, -1, -1, -1, -1, -1, -1, -1, -1, -1, -1, -1, 106, 107, 108, 109, 110, 111, 112, 113, -1, -1, -1, -1, -1, -1, -1, -1, -1, -1, 124, 125, 126, 127, 128, 129, 130, 131, -1, -1, -1, -1, -1, -1, -1, -1, -1, 141, 142, -1, -1, -1, -1, -1], "children_right": [146, 145, 140, 123, 122, 65, 64, 63, 58, 57, 56, 55, 24, 23, 22, 21, 20, 19, -1, -1, -1, -1, -1, -1, 54, 53, 52, 43, 42, 41, 40, 39, 38, 37, 36, -1, -1, -1, -1, -1, -1, -1, -1, 51, 50, 49, 48, -1, -1, -1, -1, -1, -1, -1, -1, -1, -1, -1, 62, 61, -1, -1, -1, -1, -1, 105, 104, 103, 102, 101, 100, 99, 98, 97, 96, 95, 94, 93, 92, 91, 84, 83, -1, -1, 90, 89, 88, -1, -1, -1, -1, -1, -1, -1, -1, -1, -1, -1, -1, -1, -1, -1, -1, -1, -1, 121, 120, 119, 118, 117, 116, 115, 114, -1, -1, -1, -1, -1, -1, -1, -1, -1, -1, 139, 138, 137, 136, 135, 134, 133, 132, -1, -1, -1, -1, -1, -1, -1, -1, -1, 144, 143, -1, -1, -1, -1, -1], "feature": [3059, 2228, 1668, 3047, 343, 3274, 657, 3004, 3284, 3227, 846, 1688, 3276, 2956, 1744, 3271, 3282, 3286, -2, -2, -2, -2, -2, -2, 1577, 865, 2176, 1492, 603, 1662, 2609, 3273, 1054, 2956, 3269, -2, -2, -2, -2, -2, -2, -2, -2, 1297, 734, 2982, 371, -2, -2, -2, -2, -2, -2, -2, -2, -2, -2, -2, 2844, 1861, -2, -2, -2, -2, -2, 3283, 2400, 1979, 1900, 919, 2264, 144, 1911, 737, 746, 288, 759, 2644, 965, 1219, 138, 2934, -2, -2, 3096, 1921, 1184, -2, -2, -2, -2, -2, -2, -2, -2, -2, -2, -2, -2, -2, -2, -2, -2, -2, -2, 3096, 9, 1541, 1209, 2897, 2929, 2372, 1803, -2, -2, -2, -2, -2, -2, -2, -2, -2, -2, 267, 3131, 1382, 1077, 81, 1293, 665, 1501, -2, -2, -2, -2, -2, -2, -2, -2, -2, 378, 2906, -2, -2, -2, -2, -2], "threshold": [0.5, 0.5, 0.5, 0.5, 0.5, 0.5, 0.5, 0.5, 0.5, 0.5, 0.5, 0.5, 0.5, 1.5, 0.5, 3.5, 0.5, 0.5, -2.0, -2.0, -2.0, -2.0, -2.0, -2.0, 0.5, 0.5, 0.5, 0.5, 0.5, 0.5, 0.5, 0.5, 0.5, 1.5, 2.5, -2.0, -2.0, -2.0, -2.0, -2.0, -2.0, -2.0, -2.0, 0.5, 0.5, 0.5, 0.5, -2.0, -2.0, -2.0, -2.0, -2.0, -2.0, -2.0, -2.0, -2.0, -2.0, -2.0, 1.5, 0.5, -2.0, -2.0, -2.0, -2.0, -2.0, 0.5, 0.5, 0.5, 0.5, 0.5, 0.5, 0.5, 1.5, 0.5, 0.5, 0.5, 0.5, 1.5, 0.5, 0.5, 0.5, 0.5, -2.0, -2.0, 1.5, 0.5, 0.5, -2.0, -2.0, -2.0, -2.0, -2.0, -2.0, -2.0, -2.0, -2.0, -2.0, -2.0, -2.0, -2.0, -2.0, -2.0, -2.0, -2.0, -2.0, 0.5, 0.5, 0.5, 0.5, 0.5, 0.5, 0.5, 0.5, -2.0, -2.0, -2.0, -2.0, -2.0, -2.0, -2.0, -2.0, -2.0, -2.0, 2.5, 0.5, 1.5, 0.5, 0.5, 0.5, 0.5, 3.5, -2.0, -2.0, -2.0, -2.0, -2.0, -2.0, -2.0, -2.0, -2.0, 0.5, 5.5, -2.0, -2.0, -2.0, -2.0, -2.0], "value": [[0.2876949740034662, 0.32062391681109187, 0.39168110918544197], [0.27768014059753954, 0.3251318101933216, 0.39718804920913886], [0.26798561151079137, 0.3273381294964029, 0.40467625899280574], [0.2523719165085389, 0.33586337760910817, 0.4117647058823529], [0.21548117154811716, 0.3472803347280335, 0.4372384937238494], [0.2055084745762712, 0.3516949152542373, 0.4427966101694915], [0.2196969696969697, 0.21212121212121213, 0.5681818181818182], [0.2054263565891473, 0.2131782945736434, 0.5813953488372093], [0.19262295081967212, 0.20081967213114754, 0.6065573770491803], [0.23232323232323232, 0.2222222222222222, 0.5454545454545454], [0.21649484536082475, 0.2268041237113402, 0.5567010309278351], [0.18681318681318682, 0.23076923076923078, 0.5824175824175825], [0.1588235294117647, 0.22941176470588234, 0.611764705882353], [0.0136986301369863, 0.3150684931506849, 0.6712328767123288], [0.0, 0.4489795918367347, 0.5510204081632653], [0.0, 0.4583333333333333, 0.5416666666666666], [0.0, 0.5405405405405406, 0.4594594594594595], [0.0, 0.44, 0.56], [0.0, 0.4782608695652174, 0.5217391304347826], [0.0, 0.0, 1.0], [0.0, 0.75, 0.25], [0.0, 0.18181818181818182, 0.8181818181818182], [0.0, 0.0, 1.0], [0.041666666666666664, 0.041666666666666664, 0.9166666666666666], [0.26804123711340205, 0.16494845360824742, 0.5670103092783505], [0.25263157894736843, 0.16842105263157894, 0.5789473684210527], [0.25806451612903225, 0.15053763440860216, 0.5913978494623656], [0.2247191011235955, 0.15730337078651685, 0.6179775280898876], [0.18333333333333332, 0.08333333333333333, 0.7333333333333333], [0.15517241379310345, 0.08620689655172414, 0.7586206896551724], [0.14035087719298245, 0.08771929824561403, 0.7719298245614035], [0.125, 0.08928571428571429, 0.7857142857142857], [0.1111111111111111, 0.07407407407407407, 0.8148148148148148], [0.09433962264150944, 0.07547169811320754, 0.8301886792452831], [0.15151515151515152, 0.12121212121212122, 0.7272727272727273], [0.0, 0.0, 1.0], [0.23809523809523808, 0.19047619047619047, 0.5714285714285714], [0.0, 0.0, 1.0], [1.0, 0.0, 0.0], [0.5, 0.5, 0.0], [1.0, 0.0, 0.0], [1.0, 0.0, 0.0], [1.0, 0.0, 0.0], [0.3103448275862069, 0.3103448275862069, 0.3793103448275862], [0.25925925925925924, 0.3333333333333333, 0.4074074074074074], [0.16666666666666666, 0.375, 0.4583333333333333], [0.18181818181818182, 0.3181818181818182, 0.5], [0.11764705882352941, 0.23529411764705882, 0.6470588235294118], [0.4, 0.6, 0.0], [0.0, 1.0, 0.0], [1.0, 0.0, 0.0], [1.0, 0.0, 0.0], [1.0, 0.0, 0.0], [0.0, 1.0, 0.0], [1.0, 0.0, 0.0], [0.5833333333333334, 0.25, 0.16666666666666666], [0.6666666666666666, 0.16666666666666666, 0.16666666666666666], [1.0, 0.0, 0.0], [0.021739130434782608, 0.10869565217391304, 0.8695652173913043], [0.0, 0.11363636363636363, 0.8863636363636364], [0.0, 0.16666666666666666, 0.8333333333333334], [0.0, 0.0, 1.0], [0.5, 0.0, 0.5], [0.42857142857142855, 0.42857142857142855, 0.14285714285714285], [0.8333333333333334, 0.16666666666666666, 0.0], [0.1875, 0.5288461538461539, 0.28365384615384615], [0.11538461538461539, 0.5833333333333334, 0.30128205128205127], [0.10666666666666667, 0.6066666666666667, 0.2866666666666667], [0.10884353741496598, 0.6190476190476191, 0.272108843537415], [0.11267605633802817, 0.6408450704225352, 0.24647887323943662], [0.11510791366906475, 0.6546762589928058, 0.2302158273381295], [0.11678832116788321, 0.6642335766423357, 0.21897810218978103], [0.11290322580645161, 0.7016129032258065, 0.18548387096774194], [0.11764705882352941, 0.7226890756302521, 0.15966386554621848], [0.11864406779661017, 0.7288135593220338, 0.15254237288135594], [0.1206896551724138, 0.7413793103448276, 0.13793103448275862], [0.12173913043478261, 0.7478260869565218, 0.13043478260869565], [0.10619469026548672, 0.7610619469026548, 0.13274336283185842], [0.09821428571428571, 0.7678571428571429, 0.13392857142857142], [0.09009009009009009, 0.7747747747747747, 0.13513513513513514], [0.06481481481481481, 0.7962962962962963, 0.1388888888888889], [0.2916666666666667, 0.5416666666666666, 0.16666666666666666], [0.5384615384615384, 0.3076923076923077, 0.15384615384615385], [0.0, 0.8181818181818182, 0.18181818181818182], [0.0, 0.8690476190476191, 0.13095238095238096], [0.0, 0.8888888888888888, 0.1111111111111111], [0.0, 0.875, 0.125], [0.0, 0.9393939393939394, 0.06060606060606061], [0.0, 0.16666666666666666, 0.8333333333333334], [0.0, 1.0, 0.0], [0.0, 0.3333333333333333, 0.6666666666666666], [1.0, 0.0, 0.0], [1.0, 0.0, 0.0], [1.0, 0.0, 0.0], [1.0, 0.0, 0.0], [0.0, 0.0, 1.0], [0.0, 0.0, 1.0], [0.0, 0.0, 1.0], [0.0, 0.2, 0.8], [0.15384615384615385, 0.3076923076923077, 0.5384615384615384], [0.0, 0.0, 1.0], [0.0, 0.0, 1.0], [0.0, 0.0, 1.0], [0.0, 0.0, 1.0], [0.3333333333333333, 0.0, 0.6666666666666666], [0.40384615384615385, 0.36538461538461536, 0.23076923076923078], [0.4883720930232558, 0.27906976744186046, 0.23255813953488372], [0.4358974358974359, 0.3076923076923077, 0.2564102564102564], [0.4594594594594595, 0.2702702702702703, 0.2702702702702703], [0.3939393939393939, 0.30303030303030304, 0.30303030303030304], [0.43333333333333335, 0.23333333333333334, 0.3333333333333333], [0.5, 0.15384615384615385, 0.34615384615384615], [0.52, 0.12, 0.36], [0.6842105263157895, 0.05263157894736842, 0.2631578947368421], [0.0, 0.3333333333333333, 0.6666666666666666], [0.0, 1.0, 0.0], [0.0, 0.75, 0.25], [0.0, 1.0, 0.0], [1.0, 0.0, 0.0], [0.0, 1.0, 0.0], [1.0, 0.0, 0.0], [0.0, 0.7777777777777778, 0.2222222222222222], [1.0, 0.0, 0.0], [0.6122448979591837, 0.22448979591836735, 0.16326530612244897], [0.6382978723404256, 0.23404255319148937, 0.1276595744680851], [0.6818181818181818, 0.18181818181818182, 0.13636363636363635], [0.8064516129032258, 0.1935483870967742, 0.0], [0.8518518518518519, 0.14814814814814814, 0.0], [0.8846153846153846, 0.11538461538461539, 0.0], [0.92, 0.08, 0.0], [0.9583333333333334, 0.041666666666666664, 0.0], [1.0, 0.0, 0.0], [0.9166666666666666, 0.08333333333333333, 0.0], [0.0, 1.0, 0.0], [0.0, 1.0, 0.0], [0.0, 1.0, 0.0], [0.5, 0.5, 0.0], [0.38461538461538464, 0.15384615384615385, 0.46153846153846156], [0.0, 1.0, 0.0], [0.0, 0.0, 1.0], [0.5517241379310345, 0.1724137931034483, 0.27586206896551724], [0.48, 0.2, 0.32], [0.3333333333333333, 0.3333333333333333, 0.3333333333333333], [0.7, 0.0, 0.3], [1.0, 0.0, 0.0], [0.6923076923076923, 0.23076923076923078, 0.07692307692307693], [1.0, 0.0, 0.0]]}, {"node_count": 125, "children_left": [1, 2, 3, 4, 5, 6, 7, 8, 9, 10, 11, 12, 13, 14, 15, 16, 17, 18, 19, 20, 21, 22, 23, 24, 25, -1, -1, 28, -1, -1, -1, -1, -1, -1, 35, 36, 37, -1, 39, -1, -1, -1, -1, -1, -1, -1, -1, -1, -1, -1, 51, -1, 53, 54, -1, 56, 57, 58, 59, 60, 61, -1, -1, -1, -1, -1, -1, -1, -1, -1, -1, -1, -1, 74, 75, 76, 77, 78, 79, 80, 81, -1, 83, -1, -1, -1, -1, -1, 89, -1, 91, 92, 93, 94, 95, 96, 97, -1, -1, -1, -1, -1, -1, -1, -1, -1, -1, -1, -1, 110, -1, -1, -1, 114, 115, 116, 117, 118, -1, -1, -1, -1, -1, -1, -1], "children_right": [124, 113, 112, 109, 108, 73, 72, 71, 70, 69, 50, 49, 48, 47, 46, 45, 44, 43, 34, 33, 32, 31, 30, 27, 26, -1, -1, 29, -1, -1, -1, -1, -1, -1, 42, 41, 38, -1, 40, -1, -1, -1, -1, -1, -1, -1, -1, -1, -1, -1, 52, -1, 68, 55, -1, 67, 66, 65, 64, 63, 62, -1, -1, -1, -1, -1, -1, -1, -1, -1, -1, -1, -1, 107, 106, 105, 88, 87, 86, 85, 82, -1, 84, -1, -1, -1, -1, -1, 90, -1, 104, 103, 102, 101, 100, 99, 98, -1, -1, -1, -1, -1, -1, -1, -1, -1, -1, -1, -1, 111, -1, -1, -1, 123, 122, 121, 120, 119, -1, -1, -1, -1, -1, -1, -1], "feature": [1566, 517, 383, 3249, 1184, 3280, 1804, 1481, 1487, 30, 141, 2230, 1837, 1255, 654, 109, 834, 2730, 1336, 2802, 2193, 679, 827, 3274, 3110, -2, -2, 452, -2, -2, -2, -2, -2, -2, 530, 2739, 3271, -2, 1409, -2, -2, -2, -2, -2, -2, -2, -2, -2, -2, -2, 3271, -2, 2892, 3281, -2, 706, 1150, 1790, 377, 962, 1902, -2, -2, -2, -2, -2, -2, -2, -2, -2, -2, -2, -2, 563, 2420, 2349, 3279, 2582, 2250, 1110, 3270, -2, 3284, -2, -2, -2, -2, -2, 3270, -2, 140, 2123, 1706, 3139, 144, 1950, 23, -2, -2, -2, -2, -2, -2, -2, -2, -2, -2, -2, -2, 1351, -2, -2, -2, 1512, 3049, 1160, 2641, 3096, -2, -2, -2, -2, -2, -2, -2], "threshold": [0.5, 0.5, 1.5, 1.5, 1.5, 0.5, 0.5, 0.5, 0.5, 1.5, 0.5, 0.5, 0.5, 0.5, 0.5, 0.5, 0.5, 0.5, 3.5, 0.5, 0.5, 0.5, 0.5, 0.5, 0.5, -2.0, -2.0, 0.5, -2.0, -2.0, -2.0, -2.0, -2.0, -2.0, 1.5, 0.5, 2.5, -2.0, 0.5, -2.0, -2.0, -2.0, -2.0, -2.0, -2.0, -2.0, -2.0, -2.0, -2.0, -2.0, 2.5, -2.0, 1.5, 0.5, -2.0, 0.5, 0.5, 0.5, 0.5, 1.0, 0.5, -2.0, -2.0, -2.0, -2.0, -2.0, -2.0, -2.0, -2.0, -2.0, -2.0, -2.0, -2.0, 0.5, 0.5, 0.5, 0.5, 1.0, 0.5, 4.5, 2.5, -2.0, 0.5, -2.0, -2.0, -2.0, -2.0, -2.0, 1.5, -2.0, 3.0, 0.5, 1.5, 0.5, 0.5, 0.5, 0.5, -2.0, -2.0, -2.0, -2.0, -2.0, -2.0, -2.0, -2.0, -2.0, -2.0, -2.0, -2.0, 0.5, -2.0, -2.0, -2.0, 0.5, 0.5, 0.5, 0.5, 1.5, -2.0, -2.0, -2.0, -2.0, -2.0, -2.0, -2.0], "value": [[0.36221837088388215, 0.32062391681109187, 0.317157712305026], [0.35018050541516244, 0.3249097472924188, 0.3249097472924188], [0.35452793834296725, 0.3333333333333333, 0.31213872832369943], [0.3431952662721893, 0.33925049309664695, 0.3175542406311637], [0.36268343815513626, 0.3270440251572327, 0.31027253668763105], [0.35456475583864117, 0.33121019108280253, 0.31422505307855625], [0.27124183006535946, 0.39869281045751637, 0.3300653594771242], [0.28620689655172415, 0.3758620689655172, 0.33793103448275863], [0.2762237762237762, 0.3811188811188811, 0.34265734265734266], [0.28113879003558717, 0.3879003558718861, 0.3309608540925267], [0.26545454545454544, 0.39636363636363636, 0.3381818181818182], [0.1822429906542056, 0.4719626168224299, 0.34579439252336447], [0.17061611374407584, 0.4786729857819905, 0.35071090047393366], [0.17647058823529413, 0.46078431372549017, 0.3627450980392157], [0.18461538461538463, 0.441025641025641, 0.37435897435897436], [0.18681318681318682, 0.46153846153846156, 0.3516483516483517], [0.1588235294117647, 0.4764705882352941, 0.36470588235294116], [0.16363636363636364, 0.46060606060606063, 0.37575757575757573], [0.13815789473684212, 0.45394736842105265, 0.40789473684210525], [0.08771929824561403, 0.4473684210526316, 0.4649122807017544], [0.07272727272727272, 0.4636363636363636, 0.4636363636363636], [0.07476635514018691, 0.4766355140186916, 0.4485981308411215], [0.05714285714285714, 0.4857142857142857, 0.45714285714285713], [0.04081632653061224, 0.46938775510204084, 0.4897959183673469], [0.018867924528301886, 0.24528301886792453, 0.7358490566037735], [0.019230769230769232, 0.23076923076923078, 0.75], [0.0, 1.0, 0.0], [0.06666666666666667, 0.7333333333333333, 0.2], [0.045454545454545456, 0.75, 0.20454545454545456], [1.0, 0.0, 0.0], [0.2857142857142857, 0.7142857142857143, 0.0], [1.0, 0.0, 0.0], [0.0, 0.0, 1.0], [0.5, 0.0, 0.5], [0.2894736842105263, 0.47368421052631576, 0.23684210526315788], [0.2972972972972973, 0.4864864864864865, 0.21621621621621623], [0.3055555555555556, 0.5, 0.19444444444444445], [0.07692307692307693, 0.8461538461538461, 0.07692307692307693], [0.43478260869565216, 0.30434782608695654, 0.2608695652173913], [0.2777777777777778, 0.3888888888888889, 0.3333333333333333], [1.0, 0.0, 0.0], [0.0, 0.0, 1.0], [0.0, 0.0, 1.0], [0.46153846153846156, 0.5384615384615384, 0.0], [0.0, 1.0, 0.0], [0.5833333333333334, 0.25, 0.16666666666666666], [0.15384615384615385, 0.15384615384615385, 0.6923076923076923], [0.0, 0.8888888888888888, 0.1111111111111111], [0.0, 1.0, 0.0], [1.0, 0.0, 0.0], [0.5573770491803278, 0.13114754098360656, 0.3114754098360656], [0.3333333333333333, 0.2222222222222222, 0.4444444444444444], [0.6511627906976745, 0.09302325581395349, 0.2558139534883721], [0.6666666666666666, 0.07142857142857142, 0.2619047619047619], [0.0, 0.75, 0.25], [0.7368421052631579, 0.0, 0.2631578947368421], [0.7777777777777778, 0.0, 0.2222222222222222], [0.8, 0.0, 0.2], [0.8235294117647058, 0.0, 0.17647058823529413], [0.8709677419354839, 0.0, 0.12903225806451613], [0.9, 0.0, 0.1], [0.7857142857142857, 0.0, 0.21428571428571427], [1.0, 0.0, 0.0], [0.0, 0.0, 1.0], [0.3333333333333333, 0.0, 0.6666666666666666], [0.0, 0.0, 1.0], [0.0, 0.0, 1.0], [0.0, 0.0, 1.0], [0.0, 1.0, 0.0], [1.0, 0.0, 0.0], [0.0, 0.0, 1.0], [1.0, 0.0, 0.0], [0.0, 0.8125, 0.1875], [0.509090909090909, 0.20606060606060606, 0.28484848484848485], [0.525, 0.2125, 0.2625], [0.5454545454545454, 0.18181818181818182, 0.2727272727272727], [0.5524475524475524, 0.15384615384615385, 0.2937062937062937], [0.35294117647058826, 0.2647058823529412, 0.38235294117647056], [0.3333333333333333, 0.2727272727272727, 0.3939393939393939], [0.23529411764705882, 0.35294117647058826, 0.4117647058823529], [0.1875, 0.375, 0.4375], [0.0, 0.25, 0.75], [0.28125, 0.4375, 0.28125], [0.4444444444444444, 0.2222222222222222, 0.3333333333333333], [0.07142857142857142, 0.7142857142857143, 0.21428571428571427], [1.0, 0.0, 0.0], [0.6666666666666666, 0.0, 0.3333333333333333], [1.0, 0.0, 0.0], [0.7333333333333333, 0.05333333333333334, 0.21333333333333335], [0.0, 0.0, 1.0], [0.7638888888888888, 0.05555555555555555, 0.18055555555555555], [0.8208955223880597, 0.05970149253731343, 0.11940298507462686], [0.8333333333333334, 0.045454545454545456, 0.12121212121212122], [0.8596491228070176, 0.0, 0.14035087719298245], [0.918918918918919, 0.0, 0.08108108108108109], [0.9428571428571428, 0.0, 0.05714285714285714], [0.9354838709677419, 0.0, 0.06451612903225806], [0.8181818181818182, 0.0, 0.18181818181818182], [1.0, 0.0, 0.0], [1.0, 0.0, 0.0], [0.5, 0.0, 0.5], [0.75, 0.0, 0.25], [0.6666666666666666, 0.3333333333333333, 0.0], [0.0, 1.0, 0.0], [0.0, 0.0, 1.0], [0.45454545454545453, 0.5454545454545454, 0.0], [0.0, 1.0, 0.0], [0.0, 0.0, 1.0], [1.0, 0.0, 0.0], [0.03333333333333333, 0.5333333333333333, 0.43333333333333335], [0.0, 0.3333333333333333, 0.6666666666666666], [0.08333333333333333, 0.8333333333333334, 0.08333333333333333], [0.8333333333333334, 0.08333333333333333, 0.08333333333333333], [0.2857142857142857, 0.2, 0.5142857142857142], [0.21875, 0.21875, 0.5625], [0.19230769230769232, 0.11538461538461539, 0.6923076923076923], [0.08695652173913043, 0.13043478260869565, 0.782608695652174], [0.0, 0.15, 0.85], [0.0, 0.10526315789473684, 0.8947368421052632], [0.0, 1.0, 0.0], [0.6666666666666666, 0.0, 0.3333333333333333], [1.0, 0.0, 0.0], [0.3333333333333333, 0.6666666666666666, 0.0], [1.0, 0.0, 0.0], [0.6521739130434783, 0.21739130434782608, 0.13043478260869565]]}, {"node_count": 173, "children_left": [1, 2, 3, 4, 5, 6, 7, 8, 9, 10, 11, 12, 13, 14, 15, 16, 17, 18, -1, 20, 21, -1, 23, 24, 25, 26, -1, -1, -1, -1, -1, -1, -1, -1, -1, -1, -1, -1, -1, -1, -1, -1, 43, 44, 45, 46, 47, 48, 49, 50, 51, 52, -1, -1, -1, -1, -1, -1, -1, -1, -1, -1, -1, -1, 65, 66, 67, 68, 69, 70, 71, 72, 73, 74, 75, 76, 77, 78, 79, 80, 81, 82, 83, 84, -1, -1, -1, -1, -1, -1, -1, -1, -1, -1, 95, 96, 97, 98, 99, 100, 101, 102, 103, -1, -1, -1, -1, -1, -1, -1, -1, -1, -1, -1, -1, -1, -1, -1, -1, -1, -1, 122, 123, -1, -1, -1, -1, -1, 129, 130, 131, 132, 133, 134, 135, 136, 137, 138, 139, 140, 141, 142, -1, -1, -1, -1, -1, 148, -1, -1, -1, -1, -1, -1, -1, -1, 157, 158, -1, -1, -1, -1, -1, 164, 165, 166, 167, -1, -1, -1, -1, -1, -1], "children_right": [172, 163, 128, 127, 64, 63, 42, 41, 40, 39, 38, 37, 36, 35, 34, 33, 32, 19, -1, 31, 22, -1, 30, 29, 28, 27, -1, -1, -1, -1, -1, -1, -1, -1, -1, -1, -1, -1, -1, -1, -1, -1, 62, 61, 60, 59, 58, 57, 56, 55, 54, 53, -1, -1, -1, -1, -1, -1, -1, -1, -1, -1, -1, -1, 126, 121, 120, 119, 118, 117, 116, 115, 114, 113, 94, 93, 92, 91, 90, 89, 88, 87, 86, 85, -1, -1, -1, -1, -1, -1, -1, -1, -1, -1, 112, 111, 110, 109, 108, 107, 106, 105, 104, -1, -1, -1, -1, -1, -1, -1, -1, -1, -1, -1, -1, -1, -1, -1, -1, -1, -1, 125, 124, -1, -1, -1, -1, -1, 162, 161, 156, 155, 154, 153, 152, 151, 150, 147, 146, 145, 144, 143, -1, -1, -1, -1, -1, 149, -1, -1, -1, -1, -1, -1, -1, -1, 160, 159, -1, -1, -1, -1, -1, 171, 170, 169, 168, -1, -1, -1, -1, -1, -1], "feature": [2323, 3096, 141, 1396, 3274, 1970, 1216, 3250, 2009, 2314, 1919, 396, 1492, 3200, 190, 249, 87, 3272, -2, 1677, 1501, -2, 2967, 2635, 1607, 2667, -2, -2, -2, -2, -2, -2, -2, -2, -2, -2, -2, -2, -2, -2, -2, -2, 1329, 783, 3202, 3081, 2203, 2414, 30, 1130, 2905, 2906, -2, -2, -2, -2, -2, -2, -2, -2, -2, -2, -2, -2, 780, 3104, 2934, 906, 3214, 254, 1490, 3036, 2567, 3011, 1941, 144, 2763, 371, 2865, 2327, 824, 1000, 395, 3197, -2, -2, -2, -2, -2, -2, -2, -2, -2, -2, 990, 2918, 1099, 1704, 245, 940, 2615, 2228, 2953, -2, -2, -2, -2, -2, -2, -2, -2, -2, -2, -2, -2, -2, -2, -2, -2, -2, -2, 2446, 1110, -2, -2, -2, -2, -2, 2729, 2646, 2595, 3264, 2963, 1923, 3047, 1110, 8, 3277, 2385, 1339, 334, 767, -2, -2, -2, -2, -2, 378, -2, -2, -2, -2, -2, -2, -2, -2, 3101, 889, -2, -2, -2, -2, -2, 2481, 1351, 1566, 1110, -2, -2, -2, -2, -2, -2], "threshold": [0.5, 1.5, 0.5, 0.5, 0.5, 0.5, 0.5, 0.5, 0.5, 0.5, 1.5, 0.5, 1.5, 0.5, 0.5, 0.5, 0.5, 1.5, -2.0, 0.5, 0.5, -2.0, 0.5, 1.5, 0.5, 0.5, -2.0, -2.0, -2.0, -2.0, -2.0, -2.0, -2.0, -2.0, -2.0, -2.0, -2.0, -2.0, -2.0, -2.0, -2.0, -2.0, 0.5, 0.5, 0.5, 1.5, 0.5, 3.5, 0.5, 0.5, 0.5, 1.5, -2.0, -2.0, -2.0, -2.0, -2.0, -2.0, -2.0, -2.0, -2.0, -2.0, -2.0, -2.0, 0.5, 0.5, 4.5, 0.5, 1.5, 0.5, 0.5, 1.0, 0.5, 0.5, 0.5, 0.5, 0.5, 0.5, 0.5, 0.5, 0.5, 0.5, 0.5, 0.5, -2.0, -2.0, -2.0, -2.0, -2.0, -2.0, -2.0, -2.0, -2.0, -2.0, 0.5, 1.0, 0.5, 0.5, 1.0, 0.5, 0.5, 0.5, 0.5, -2.0, -2.0, -2.0, -2.0, -2.0, -2.0, -2.0, -2.0, -2.0, -2.0, -2.0, -2.0, -2.0, -2.0, -2.0, -2.0, -2.0, -2.0, 0.5, 0.5, -2.0, -2.0, -2.0, -2.0, -2.0, 0.5, 0.5, 0.5, 0.5, 0.5, 0.5, 0.5, 3.5, 0.5, 0.5, 0.5, 0.5, 0.5, 0.5, -2.0, -2.0, -2.0, -2.0, -2.0, 0.5, -2.0, -2.0, -2.0, -2.0, -2.0, -2.0, -2.0, -2.0, 0.5, 1.0, -2.0, -2.0, -2.0, -2.0, -2.0, 0.5, 0.5, 0.5, 0.5, -2.0, -2.0, -2.0, -2.0, -2.0, -2.0], "value": [[0.29982668977469673, 0.3483535528596187, 0.35181975736568455], [0.29246935201401053, 0.3520140105078809, 0.3555166374781086], [0.31499051233396586, 0.3396584440227704, 0.34535104364326374], [0.2663316582914573, 0.39195979899497485, 0.3417085427135678], [0.25699745547073793, 0.3969465648854962, 0.3460559796437659], [0.23222748815165878, 0.27014218009478674, 0.4976303317535545], [0.20812182741116753, 0.26903553299492383, 0.5228426395939086], [0.1937984496124031, 0.3798449612403101, 0.4263565891472868], [0.1746031746031746, 0.3888888888888889, 0.4365079365079365], [0.18181818181818182, 0.4049586776859504, 0.4132231404958678], [0.16806722689075632, 0.4117647058823529, 0.42016806722689076], [0.168141592920354, 0.4336283185840708, 0.39823008849557523], [0.17592592592592593, 0.4074074074074074, 0.4166666666666667], [0.20212765957446807, 0.32978723404255317, 0.46808510638297873], [0.2125, 0.275, 0.5125], [0.14705882352941177, 0.29411764705882354, 0.5588235294117647], [0.12121212121212122, 0.30303030303030304, 0.5757575757575758], [0.125, 0.28125, 0.59375], [0.0, 0.6428571428571429, 0.35714285714285715], [0.16, 0.18, 0.66], [0.16666666666666666, 0.14583333333333334, 0.6875], [0.29411764705882354, 0.23529411764705882, 0.47058823529411764], [0.0967741935483871, 0.0967741935483871, 0.8064516129032258], [0.034482758620689655, 0.10344827586206896, 0.8620689655172413], [0.037037037037037035, 0.037037037037037035, 0.9259259259259259], [0.043478260869565216, 0.043478260869565216, 0.9130434782608695], [0.05263157894736842, 0.05263157894736842, 0.8947368421052632], [0.0, 0.0, 1.0], [0.0, 0.0, 1.0], [0.0, 1.0, 0.0], [1.0, 0.0, 0.0], [0.0, 1.0, 0.0], [0.0, 1.0, 0.0], [1.0, 0.0, 0.0], [0.5833333333333334, 0.16666666666666666, 0.25], [0.14285714285714285, 0.6428571428571429, 0.21428571428571427], [0.0, 0.9285714285714286, 0.07142857142857142], [0.0, 1.0, 0.0], [0.16666666666666666, 0.0, 0.8333333333333334], [1.0, 0.0, 0.0], [0.0, 0.0, 1.0], [1.0, 0.0, 0.0], [0.23529411764705882, 0.058823529411764705, 0.7058823529411765], [0.1746031746031746, 0.06349206349206349, 0.7619047619047619], [0.14754098360655737, 0.06557377049180328, 0.7868852459016393], [0.08771929824561403, 0.07017543859649122, 0.8421052631578947], [0.08928571428571429, 0.05357142857142857, 0.8571428571428571], [0.09090909090909091, 0.03636363636363636, 0.8727272727272727], [0.07407407407407407, 0.037037037037037035, 0.8888888888888888], [0.06, 0.04, 0.9], [0.04081632653061224, 0.04081632653061224, 0.9183673469387755], [0.0, 0.07407407407407407, 0.9259259259259259], [0.0, 0.13333333333333333, 0.8666666666666667], [0.0, 0.0, 1.0], [0.09090909090909091, 0.0, 0.9090909090909091], [1.0, 0.0, 0.0], [0.25, 0.0, 0.75], [1.0, 0.0, 0.0], [0.0, 1.0, 0.0], [0.0, 1.0, 0.0], [1.0, 0.0, 0.0], [1.0, 0.0, 0.0], [1.0, 0.0, 0.0], [0.5714285714285714, 0.2857142857142857, 0.14285714285714285], [0.2857142857142857, 0.5439560439560439, 0.17032967032967034], [0.2905027932960894, 0.553072625698324, 0.1564245810055866], [0.2468354430379747, 0.5822784810126582, 0.17088607594936708], [0.23026315789473684, 0.6052631578947368, 0.16447368421052633], [0.21476510067114093, 0.6174496644295302, 0.16778523489932887], [0.18309859154929578, 0.6408450704225352, 0.176056338028169], [0.18439716312056736, 0.6453900709219859, 0.1702127659574468], [0.17266187050359713, 0.6546762589928058, 0.17266187050359713], [0.15441176470588236, 0.6691176470588235, 0.17647058823529413], [0.1417910447761194, 0.6791044776119403, 0.1791044776119403], [0.13636363636363635, 0.6893939393939394, 0.17424242424242425], [0.18461538461538463, 0.6, 0.2153846153846154], [0.16666666666666666, 0.6333333333333333, 0.2], [0.17543859649122806, 0.6666666666666666, 0.15789473684210525], [0.1951219512195122, 0.5853658536585366, 0.21951219512195122], [0.2222222222222222, 0.5277777777777778, 0.25], [0.17647058823529413, 0.5588235294117647, 0.2647058823529412], [0.18181818181818182, 0.5757575757575758, 0.24242424242424243], [0.15625, 0.59375, 0.25], [0.16666666666666666, 0.6333333333333333, 0.2], [0.1111111111111111, 0.6666666666666666, 0.2222222222222222], [0.6666666666666666, 0.3333333333333333, 0.0], [0.0, 0.0, 1.0], [1.0, 0.0, 0.0], [0.0, 0.0, 1.0], [1.0, 0.0, 0.0], [0.0, 1.0, 0.0], [0.125, 0.875, 0.0], [0.0, 0.0, 1.0], [0.4, 0.2, 0.4], [0.08955223880597014, 0.7761194029850746, 0.13432835820895522], [0.07692307692307693, 0.8, 0.12307692307692308], [0.0625, 0.8125, 0.125], [0.06451612903225806, 0.8387096774193549, 0.0967741935483871], [0.04918032786885246, 0.8524590163934426, 0.09836065573770492], [0.03333333333333333, 0.8666666666666667, 0.1], [0.04081632653061224, 0.8367346938775511, 0.12244897959183673], [0.041666666666666664, 0.8541666666666666, 0.10416666666666667], [0.043478260869565216, 0.8695652173913043, 0.08695652173913043], [0.047619047619047616, 0.8809523809523809, 0.07142857142857142], [0.0, 0.75, 0.25], [0.0, 0.5, 0.5], [0.0, 0.0, 1.0], [0.0, 1.0, 0.0], [1.0, 0.0, 0.0], [1.0, 0.0, 0.0], [0.0, 0.0, 1.0], [1.0, 0.0, 0.0], [0.5, 0.0, 0.5], [0.5, 0.0, 0.5], [1.0, 0.0, 0.0], [1.0, 0.0, 0.0], [1.0, 0.0, 0.0], [0.0, 0.0, 1.0], [0.8571428571428571, 0.14285714285714285, 0.0], [1.0, 0.0, 0.0], [0.6666666666666666, 0.0, 0.3333333333333333], [0.6190476190476191, 0.3333333333333333, 0.047619047619047616], [0.7222222222222222, 0.2222222222222222, 0.05555555555555555], [0.0, 0.0, 1.0], [0.7647058823529411, 0.23529411764705882, 0.0], [0.0, 1.0, 0.0], [0.0, 0.0, 1.0], [1.0, 0.0, 0.0], [0.46511627906976744, 0.17829457364341086, 0.35658914728682173], [0.45614035087719296, 0.14035087719298245, 0.40350877192982454], [0.4727272727272727, 0.10909090909090909, 0.41818181818181815], [0.3902439024390244, 0.10975609756097561, 0.5], [0.358974358974359, 0.11538461538461539, 0.5256410256410257], [0.3150684931506849, 0.1232876712328767, 0.5616438356164384], [0.2727272727272727, 0.13636363636363635, 0.5909090909090909], [0.2903225806451613, 0.0967741935483871, 0.6129032258064516], [0.23636363636363636, 0.07272727272727272, 0.6909090909090909], [0.20754716981132076, 0.07547169811320754, 0.7169811320754716], [0.03125, 0.09375, 0.875], [0.03225806451612903, 0.06451612903225806, 0.9032258064516129], [0.03333333333333333, 0.03333333333333333, 0.9333333333333333], [0.0, 0.034482758620689655, 0.9655172413793104], [0.0, 0.0, 1.0], [0.0, 0.5, 0.5], [1.0, 0.0, 0.0], [0.0, 1.0, 0.0], [0.0, 1.0, 0.0], [0.47619047619047616, 0.047619047619047616, 0.47619047619047616], [0.3888888888888889, 0.05555555555555555, 0.5555555555555556], [1.0, 0.0, 0.0], [1.0, 0.0, 0.0], [0.7142857142857143, 0.2857142857142857, 0.0], [0.0, 0.75, 0.25], [0.7142857142857143, 0.0, 0.2857142857142857], [1.0, 0.0, 0.0], [1.0, 0.0, 0.0], [0.7142857142857143, 0.10714285714285714, 0.17857142857142858], [0.7407407407407407, 0.07407407407407407, 0.18518518518518517], [0.8, 0.08, 0.12], [0.0, 0.0, 1.0], [0.0, 1.0, 0.0], [0.0, 1.0, 0.0], [0.5333333333333333, 0.4666666666666667, 0.0], [0.022727272727272728, 0.5, 0.4772727272727273], [0.02702702702702703, 0.40540540540540543, 0.5675675675675675], [0.037037037037037035, 0.5555555555555556, 0.4074074074074074], [0.041666666666666664, 0.625, 0.3333333333333333], [0.0, 0.3333333333333333, 0.6666666666666666], [0.08333333333333333, 0.9166666666666666, 0.0], [0.0, 0.0, 1.0], [0.0, 0.0, 1.0], [0.0, 1.0, 0.0], [1.0, 0.0, 0.0]]}, {"node_count": 175, "children_left": [1, 2, 3, 4, 5, 6, 7, 8, 9, 10, 11, 12, 13, 14, 15, 16, 17, 18, 19, 20, 21, 22, 23, 24, 25, -1, -1, -1, -1, -1, -1, -1, -1, -1, -1, -1, -1, -1, 39, -1, -1, -1, -1, -1, -1, -1, -1, -1, -1, 50, 51, 52, 53, 54, 55, 56, -1, -1, -1, -1, -1, -1, -1, -1, 65, 66, 67, 68, 69, 70, -1, 72, 73, 74, -1, -1, -1, 78, 79, 80, 81, -1, -1, -1, -1, -1, -1, -1, -1, -1, -1, 92, 93, 94, 95, 96, 97, 98, 99, 100, 101, 102, 103, 104, 105, 106, 107, 108, 109, 110, 111, 112, 113, -1, -1, -1, -1, -1, -1, -1, -1, -1, -1, 124, 125, 126, 127, -1, -1, -1, -1, -1, -1, -1, 135, -1, 137, -1, -1, 140, 141, 142, -1, -1, -1, -1, -1, -1, -1, -1, -1, -1, -1, 154, 155, 156, 157, 158, -1, -1, -1, -1, -1, -1, 165, 166, 167, 168, 169, -1, -1, -1, -1, -1, -1], "children_right": [164, 91, 64, 49, 48, 47, 46, 45, 44, 43, 42, 41, 38, 37, 36, 35, 34, 33, 32, 31, 30, 29, 28, 27, 26, -1, -1, -1, -1, -1, -1, -1, -1, -1, -1, -1, -1, -1, 40, -1, -1, -1, -1, -1, -1, -1, -1, -1, -1, 63, 62, 61, 60, 59, 58, 57, -1, -1, -1, -1, -1, -1, -1, -1, 90, 89, 88, 87, 86, 71, -1, 77, 76, 75, -1, -1, -1, 85, 84, 83, 82, -1, -1, -1, -1, -1, -1, -1, -1, -1, -1, 153, 152, 151, 150, 149, 148, 147, 146, 139, 134, 133, 132, 123, 122, 121, 120, 119, 118, 117, 116, 115, 114, -1, -1, -1, -1, -1, -1, -1, -1, -1, -1, 131, 130, 129, 128, -1, -1, -1, -1, -1, -1, -1, 136, -1, 138, -1, -1, 145, 144, 143, -1, -1, -1, -1, -1, -1, -1, -1, -1, -1, -1, 163, 162, 161, 160, 159, -1, -1, -1, -1, -1, -1, 174, 173, 172, 171, 170, -1, -1, -1, -1, -1, -1], "feature": [1577, 3278, 3281, 3277, 1336, 2545, 2282, 748, 1140, 1395, 1492, 386, 1952, 706, 2213, 670, 1555, 1188, 1925, 485, 2532, 1557, 1123, 23, 2844, -2, -2, -2, -2, -2, -2, -2, -2, -2, -2, -2, -2, -2, 1924, -2, -2, -2, -2, -2, -2, -2, -2, -2, -2, 1921, 2421, 207, 1457, 1535, 30, 2667, -2, -2, -2, -2, -2, -2, -2, -2, 2415, 30, 2290, 552, 1110, 2956, -2, 3276, 535, 937, -2, -2, -2, 3139, 1634, 3251, 2865, -2, -2, -2, -2, -2, -2, -2, -2, -2, -2, 2481, 3047, 920, 1599, 899, 3142, 2844, 2211, 1819, 3200, 1739, 262, 3269, 3, 3213, 1688, 2073, 1613, 1073, 787, 236, 3277, -2, -2, -2, -2, -2, -2, -2, -2, -2, -2, 1755, 1031, 1341, 267, -2, -2, -2, -2, -2, -2, -2, 3269, -2, 2415, -2, -2, 1209, 2974, 1204, -2, -2, -2, -2, -2, -2, -2, -2, -2, -2, -2, 2127, 2732, 2839, 1043, 1909, -2, -2, -2, -2, -2, -2, 2536, 2071, 1653, 2904, 1642, -2, -2, -2, -2, -2, -2], "threshold": [0.5, 0.5, 0.5, 0.5, 7.5, 0.5, 0.5, 0.5, 0.5, 0.5, 1.5, 1.0, 0.5, 0.5, 0.5, 0.5, 0.5, 0.5, 0.5, 1.5, 0.5, 0.5, 0.5, 0.5, 0.5, -2.0, -2.0, -2.0, -2.0, -2.0, -2.0, -2.0, -2.0, -2.0, -2.0, -2.0, -2.0, -2.0, 0.5, -2.0, -2.0, -2.0, -2.0, -2.0, -2.0, -2.0, -2.0, -2.0, -2.0, 1.5, 0.5, 0.5, 0.5, 0.5, 0.5, 1.5, -2.0, -2.0, -2.0, -2.0, -2.0, -2.0, -2.0, -2.0, 0.5, 0.5, 0.5, 0.5, 3.5, 0.5, -2.0, 0.5, 0.5, 0.5, -2.0, -2.0, -2.0, 0.5, 0.5, 0.5, 0.5, -2.0, -2.0, -2.0, -2.0, -2.0, -2.0, -2.0, -2.0, -2.0, -2.0, 1.5, 0.5, 0.5, 0.5, 0.5, 0.5, 4.0, 0.5, 0.5, 0.5, 0.5, 0.5, 3.5, 1.0, 1.5, 0.5, 0.5, 0.5, 0.5, 0.5, 0.5, 0.5, -2.0, -2.0, -2.0, -2.0, -2.0, -2.0, -2.0, -2.0, -2.0, -2.0, 0.5, 0.5, 0.5, 0.5, -2.0, -2.0, -2.0, -2.0, -2.0, -2.0, -2.0, 2.5, -2.0, 1.5, -2.0, -2.0, 0.5, 0.5, 0.5, -2.0, -2.0, -2.0, -2.0, -2.0, -2.0, -2.0, -2.0, -2.0, -2.0, -2.0, 0.5, 3.0, 0.5, 0.5, 0.5, -2.0, -2.0, -2.0, -2