{"n_estimators": 150, "n_features": 320, "trees": [{"node_count": 97, "children_left": [1, 2, 3, 4, 5, -1, -1, 8, 9, 10, 11, 12, 13, -1, -1, -1, -1, -1, -1, -1, 21, 22, 23, 24, 25, 26, 27, -1, -1, -1, -1, -1, 33, 34, 35, 36, -1, -1, -1, -1, -1, -1, -1, 44, 45, 46, 47, 48, 49, 50, 51, -1, -1, -1, 55, 56, -1, -1, -1, -1, -1, -1, -1, 64, 65, -1, -1, 68, 69, -1, -1, -1, 73, 74, 75, 76, -1, -1, -1, -1, 81, 82, 83, 84, 85, 86, 87, 88, -1, -1, -1, -1, -1, -1, -1, -1, -1], "children_right": [72, 43, 20, 7, 6, -1, -1, 19, 18, 17, 16, 15, 14, -1, -1, -1, -1, -1, -1, -1, 42, 41, 32, 31, 30, 29, 28, -1, -1, -1, -1, -1, 40, 39, 38, 37, -1, -1, -1, -1, -1, -1, -1, 63, 62, 61, 60, 59, 54, 53, 52, -1, -1, -1, 58, 57, -1, -1, -1, -1, -1, -1, -1, 67, 66, -1, -1, 71, 70, -1, -1, -1, 80, 79, 78, 77, -1, -1, -1, -1, 96, 95, 94, 93, 92, 91, 90, 89, -1, -1, -1, -1, -1, -1, -1, -1, -1], "feature": [301, 305, 310, 301, 208, -2, -2, 57, 275, 109, 217, 173, 205, -2, -2, -2, -2, -2, -2, -2, 136, 123, 303, 311, 124, 179, 257, -2, -2, -2, -2, -2, 114, 2, 61, 165, -2, -2, -2, -2, -2, -2, -2, 314, 242, 66, 103, 19, 317, 85, 201, -2, -2, -2, 307, 303, -2, -2, -2, -2, -2, -2, -2, 309, 215, -2, -2, 15, 103, -2, -2, -2, 307, 15, 178, 141, -2, -2, -2, -2, 254, 243, 158, 301, 159, 182, 201, 310, -2, -2, -2, -2, -2, -2, -2, -2, -2], "threshold": [3.5, 0.5, 0.5, 1.5, 0.5, -2.0, -2.0, 0.5, 0.5, 0.5, 1.5, 0.5, 0.5, -2.0, -2.0, -2.0, -2.0, -2.0, -2.0, -2.0, 1.5, 1.5, 3.5, 0.5, 1.5, 0.5, 0.5, -2.0, -2.0, -2.0, -2.0, -2.0, 0.5, 0.5, 0.5, 0.5, -2.0, -2.0, -2.0, -2.0, -2.0, -2.0, -2.0, 0.5, 0.5, 1.5, 2.5, 0.5, 0.5, 0.5, 0.5, -2.0, -2.0, -2.0, 0.5, 4.5, -2.0, -2.0, -2.0, -2.0, -2.0, -2.0, -2.0, 0.5, 0.5, -2.0, -2.0, 0.5, 0.5, -2.0, -2.0, -2.0, 0.5, 0.5, 0.5, 0.5, -2.0, -2.0, -2.0, -2.0, 0.5, 0.5, 0.5, 4.5, 0.5, 0.5, 3.5, 0.5, -2.0, -2.0, -2.0, -2.0, -2.0, -2.0, -2.0, -2.0, -2.0], "value": [[0.3211805555555556, 0.3645833333333333, 0.3142361111111111], [0.266384778012685, 0.4186046511627907, 0.3150105708245243], [0.2825112107623318, 0.29596412556053814, 0.42152466367713004], [0.10784313725490197, 0.37254901960784315, 0.5196078431372549], [0.0, 0.2692307692307692, 0.7307692307692307], [0.0, 0.22727272727272727, 0.7727272727272727], [0.0, 0.5, 0.5], [0.14473684210526316, 0.40789473684210525, 0.4473684210526316], [0.12162162162162163, 0.4189189189189189, 0.4594594594594595], [0.14285714285714285, 0.3492063492063492, 0.5079365079365079], [0.07547169811320754, 0.41509433962264153, 0.5094339622641509], [0.08163265306122448, 0.4489795918367347, 0.46938775510204084], [0.022222222222222223, 0.4888888888888889, 0.4888888888888889], [0.034482758620689655, 0.3448275862068966, 0.6206896551724138], [0.0, 0.75, 0.25], [0.75, 0.0, 0.25], [0.0, 0.0, 1.0], [0.5, 0.0, 0.5], [0.0, 0.8181818181818182, 0.18181818181818182], [1.0, 0.0, 0.0], [0.4297520661157025, 0.23140495867768596, 0.33884297520661155], [0.39285714285714285, 0.25, 0.35714285714285715], [0.4095238095238095, 0.26666666666666666, 0.3238095238095238], [0.18181818181818182, 0.38181818181818183, 0.43636363636363634], [0.04878048780487805, 0.4878048780487805, 0.4634146341463415], [0.05405405405405406, 0.5405405405405406, 0.40540540540540543], [0.058823529411764705, 0.5, 0.4411764705882353], [0.06666666666666667, 0.43333333333333335, 0.5], [0.0, 1.0, 0.0], [0.0, 1.0, 0.0], [0.0, 0.0, 1.0], [0.5714285714285714, 0.07142857142857142, 0.35714285714285715], [0.66, 0.14, 0.2], [0.75, 0.15, 0.1], [0.8148148148148148, 0.18518518518518517, 0.0], [0.9130434782608695, 0.08695652173913043, 0.0], [1.0, 0.0, 0.0], [0.75, 0.25, 0.0], [0.25, 0.75, 0.0], [0.6153846153846154, 0.07692307692307693, 0.3076923076923077], [0.3, 0.1, 0.6], [0.14285714285714285, 0.0, 0.8571428571428571], [0.8888888888888888, 0.0, 0.1111111111111111], [0.252, 0.528, 0.22], [0.13068181818181818, 0.6420454545454546, 0.22727272727272727], [0.11538461538461539, 0.6730769230769231, 0.21153846153846154], [0.1038961038961039, 0.6818181818181818, 0.21428571428571427], [0.11594202898550725, 0.644927536231884, 0.2391304347826087], [0.1037037037037037, 0.6592592592592592, 0.23703703703703705], [0.09876543209876543, 0.5679012345679012, 0.3333333333333333], [0.06756756756756757, 0.6081081081081081, 0.32432432432432434], [0.16, 0.4, 0.44], [0.02040816326530612, 0.7142857142857143, 0.2653061224489796], [0.42857142857142855, 0.14285714285714285, 0.42857142857142855], [0.1111111111111111, 0.7962962962962963, 0.09259259259259259], [0.0, 0.8974358974358975, 0.10256410256410256], [0.0, 0.9428571428571428, 0.05714285714285714], [0.0, 0.5, 0.5], [0.4, 0.5333333333333333, 0.06666666666666667], [0.6666666666666666, 0.0, 0.3333333333333333], [0.0, 1.0, 0.0], [1.0, 0.0, 0.0], [0.25, 0.4, 0.35], [0.5405405405405406, 0.25675675675675674, 0.20270270270270271], [0.35294117647058826, 0.4411764705882353, 0.20588235294117646], [0.47368421052631576, 0.21052631578947367, 0.3157894736842105], [0.2, 0.7333333333333333, 0.06666666666666667], [0.7, 0.1, 0.2], [0.75, 0.1111111111111111, 0.1388888888888889], [0.25, 0.75, 0.0], [0.8125, 0.03125, 0.15625], [0.25, 0.0, 0.75], [0.5728155339805825, 0.11650485436893204, 0.3106796116504854], [0.18181818181818182, 0.21212121212121213, 0.6060606060606061], [0.13333333333333333, 0.2, 0.6666666666666666], [0.18181818181818182, 0.2727272727272727, 0.5454545454545454], [0.15, 0.3, 0.55], [0.5, 0.0, 0.5], [0.0, 0.0, 1.0], [0.6666666666666666, 0.3333333333333333, 0.0], [0.7571428571428571, 0.07142857142857142, 0.17142857142857143], [0.7846153846153846, 0.03076923076923077, 0.18461538461538463], [0.7627118644067796, 0.03389830508474576, 0.2033898305084746], [0.7894736842105263, 0.03508771929824561, 0.17543859649122806], [0.8269230769230769, 0.019230769230769232, 0.15384615384615385], [0.8837209302325582, 0.023255813953488372, 0.09302325581395349], [0.9024390243902439, 0.0, 0.0975609756097561], [0.972972972972973, 0.0, 0.02702702702702703], [1.0, 0.0, 0.0], [0.9473684210526315, 0.0, 0.05263157894736842], [0.25, 0.0, 0.75], [0.5, 0.5, 0.0], [0.5555555555555556, 0.0, 0.4444444444444444], [0.4, 0.2, 0.4], [0.0, 0.0, 1.0], [1.0, 0.0, 0.0], [0.4, 0.6, 0.0]]}, {"node_count": 81, "children_left": [1, 2, 3, 4, 5, 6, 7, 8, 9, 10, -1, -1, -1, -1, -1, -1, -1, 18, 19, 20, 21, 22, 23, -1, -1, -1, -1, -1, 29, 30, 31, 32, -1, -1, -1, -1, 37, -1, -1, -1, -1, -1, 43, 44, 45, 46, 47, 48, 49, 50, -1, -1, -1, -1, -1, -1, -1, 58, -1, -1, 61, 62, 63, 64, 65, 66, 67, 68, -1, -1, -1, -1, -1, 74, -1, 76, -1, -1, -1, -1, -1], "children_right": [42, 41, 40, 17, 16, 15, 14, 13, 12, 11, -1, -1, -1, -1, -1, -1, -1, 39, 28, 27, 26, 25, 24, -1, -1, -1, -1, -1, 36, 35, 34, 33, -1, -1, -1, -1, 38, -1, -1, -1, -1, -1, 60, 57, 56, 55, 54, 53, 52, 51, -1, -1, -1, -1, -1, -1, -1, 59, -1, -1, 80, 79, 78, 73, 72, 71, 70, 69, -1, -1, -1, -1, -1, 75, -1, 77, -1, -1, -1, -1, -1], "feature": [300, 34, 103, 309, 282, 66, 241, 195, 79, 157, -2, -2, -2, -2, -2, -2, -2, 206, 102, 15, 33, 305, 193, -2, -2, -2, -2, -2, 209, 211, 111, 182, -2, -2, -2, -2, 221, -2, -2, -2, -2, -2, 312, 314, 196, 64, 83, 194, 130, 115, -2, -2, -2, -2, -2, -2, -2, 100, -2, -2, 34, 318, 164, 111, 52, 128, 46, 304, -2, -2, -2, -2, -2, 12, -2, 303, -2, -2, -2, -2, -2], "threshold": [3.5, 0.5, 5.5, 0.5, 0.5, 0.5, 0.5, 0.5, 0.5, 0.5, -2.0, -2.0, -2.0, -2.0, -2.0, -2.0, -2.0, 1.5, 0.5, 0.5, 0.5, 0.5, 0.5, -2.0, -2.0, -2.0, -2.0, -2.0, 0.5, 0.5, 1.5, 0.5, -2.0, -2.0, -2.0, -2.0, 0.5, -2.0, -2.0, -2.0, -2.0, -2.0, 0.5, 0.5, 0.5, 0.5, 0.5, 0.5, 0.5, 0.5, -2.0, -2.0, -2.0, -2.0, -2.0, -2.0, -2.0, 1.5, -2.0, -2.0, 0.5, 0.5, 0.5, 0.5, 0.5, 0.5, 0.5, 0.5, -2.0, -2.0, -2.0, -2.0, -2.0, 0.5, -2.0, 3.5, -2.0, -2.0, -2.0, -2.0, -2.0], "value": [[0.3298611111111111, 0.3368055555555556, 0.3333333333333333], [0.1726027397260274, 0.40273972602739727, 0.4246575342465753], [0.1749271137026239, 0.42857142857142855, 0.3965014577259475], [0.15522388059701492, 0.4388059701492537, 0.4059701492537313], [0.10101010101010101, 0.5, 0.398989898989899], [0.10362694300518134, 0.5129533678756477, 0.38341968911917096], [0.0782122905027933, 0.547486033519553, 0.3743016759776536], [0.08074534161490683, 0.5093167701863354, 0.40993788819875776], [0.08666666666666667, 0.5333333333333333, 0.38], [0.06896551724137931, 0.5379310344827586, 0.3931034482758621], [0.07246376811594203, 0.5144927536231884, 0.41304347826086957], [0.0, 1.0, 0.0], [0.6, 0.4, 0.0], [0.0, 0.18181818181818182, 0.8181818181818182], [0.05555555555555555, 0.8888888888888888, 0.05555555555555555], [0.42857142857142855, 0.07142857142857142, 0.5], [0.0, 0.0, 1.0], [0.23357664233576642, 0.35036496350364965, 0.41605839416058393], [0.1935483870967742, 0.3467741935483871, 0.4596774193548387], [0.13725490196078433, 0.2549019607843137, 0.6078431372549019], [0.13043478260869565, 0.1956521739130435, 0.6739130434782609], [0.13953488372093023, 0.13953488372093023, 0.7209302325581395], [0.03125, 0.0625, 0.90625], [0.0, 0.06896551724137931, 0.9310344827586207], [0.3333333333333333, 0.0, 0.6666666666666666], [0.45454545454545453, 0.36363636363636365, 0.18181818181818182], [0.0, 1.0, 0.0], [0.2, 0.8, 0.0], [0.2328767123287671, 0.410958904109589, 0.3561643835616438], [0.10416666666666667, 0.5, 0.3958333333333333], [0.14705882352941177, 0.38235294117647056, 0.47058823529411764], [0.15625, 0.34375, 0.5], [0.038461538461538464, 0.4230769230769231, 0.5384615384615384], [0.6666666666666666, 0.0, 0.3333333333333333], [0.0, 1.0, 0.0], [0.0, 0.7857142857142857, 0.21428571428571427], [0.48, 0.24, 0.28], [0.55, 0.3, 0.15], [0.2, 0.0, 0.8], [0.6153846153846154, 0.38461538461538464, 0.0], [1.0, 0.0, 0.0], [0.13636363636363635, 0.0, 0.8636363636363636], [0.6018957345971564, 0.22274881516587677, 0.17535545023696683], [0.45454545454545453, 0.36363636363636365, 0.18181818181818182], [0.30952380952380953, 0.5238095238095238, 0.16666666666666666], [0.2564102564102564, 0.5641025641025641, 0.1794871794871795], [0.18181818181818182, 0.6060606060606061, 0.21212121212121213], [0.10344827586206896, 0.6551724137931034, 0.2413793103448276], [0.038461538461538464, 0.6923076923076923, 0.2692307692307692], [0.0, 0.75, 0.25], [0.0, 0.8235294117647058, 0.17647058823529413], [0.0, 0.5714285714285714, 0.42857142857142855], [0.5, 0.0, 0.5], [0.6666666666666666, 0.3333333333333333, 0.0], [0.75, 0.25, 0.0], [0.6666666666666666, 0.3333333333333333, 0.0], [1.0, 0.0, 0.0], [0.7083333333333334, 0.08333333333333333, 0.20833333333333334], [0.4166666666666667, 0.16666666666666666, 0.4166666666666667], [1.0, 0.0, 0.0], [0.6689655172413793, 0.15862068965517243, 0.1724137931034483], [0.7209302325581395, 0.17829457364341086, 0.10077519379844961], [0.7739130434782608, 0.13043478260869565, 0.09565217391304348], [0.8018867924528302, 0.14150943396226415, 0.05660377358490566], [0.8983050847457628, 0.06779661016949153, 0.03389830508474576], [0.9122807017543859, 0.07017543859649122, 0.017543859649122806], [0.9565217391304348, 0.021739130434782608, 0.021739130434782608], [0.9743589743589743, 0.0, 0.02564102564102564], [1.0, 0.0, 0.0], [0.8333333333333334, 0.0, 0.16666666666666666], [0.8571428571428571, 0.14285714285714285, 0.0], [0.7272727272727273, 0.2727272727272727, 0.0], [0.5, 0.0, 0.5], [0.6808510638297872, 0.23404255319148937, 0.0851063829787234], [0.47368421052631576, 0.47368421052631576, 0.05263157894736842], [0.8214285714285714, 0.07142857142857142, 0.10714285714285714], [0.42857142857142855, 0.2857142857142857, 0.2857142857142857], [0.9523809523809523, 0.0, 0.047619047619047616], [0.4444444444444444, 0.0, 0.5555555555555556], [0.2857142857142857, 0.5714285714285714, 0.14285714285714285], [0.25, 0.0, 0.75]]}, {"node_count": 95, "children_left": [1, 2, 3, 4, 5, 6, 7, 8, 9, 10, -1, -1, -1, 14, -1, -1, 17, -1, -1, 20, 21, 22, 23, -1, -1, -1, 27, -1, -1, -1, -1, 32, 33, 34, 35, 36, -1, -1, -1, -1, -1, -1, 43, 44, 45, 46, 47, 48, -1, -1, -1, -1, -1, 54, 55, -1, -1, 58, 59, -1, 61, -1, -1, -1, -1, 66, 67, 68, 69, 70, 71, 72, 73, -1, -1, -1, -1, -1, -1, -1, -1, -1, 83, 84, 85, 86, -1, -1, -1, 90, 91, -1, -1, -1, -1], "children_right": [82, 65, 42, 31, 30, 19, 16, 13, 12, 11, -1, -1, -1, 15, -1, -1, 18, -1, -1, 29, 26, 25, 24, -1, -1, -1, 28, -1, -1, -1, -1, 41, 40, 39, 38, 37, -1, -1, -1, -1, -1, -1, 64, 53, 52, 51, 50, 49, -1, -1, -1, -1, -1, 57, 56, -1, -1, 63, 60, -1, 62, -1, -1, -1, -1, 81, 80, 79, 78, 77, 76, 75, 74, -1, -1, -1, -1, -1, -1, -1, -1, -1, 94, 89, 88, 87, -1, -1, -1, 93, 92, -1, -1, -1, -1], "feature": [264, 32, 3, 216, 154, 305, 126, 8, 114, 302, -2, -2, -2, 5, -2, -2, 204, -2, -2, 103, 105, 130, 221, -2, -2, -2, 316, -2, -2, -2, -2, 207, 104, 314, 214, 301, -2, -2, -2, -2, -2, -2, 205, 312, 231, 107, 217, 123, -2, -2, -2, -2, -2, 102, 301, -2, -2, 29, 200, -2, 149, -2, -2, -2, -2, 194, 308, 110, 4, 210, 204, 122, 310, -2, -2, -2, -2, -2, -2, -2, -2, -2, 129, 6, 182, 139, -2, -2, -2, 121, 149, -2, -2, -2, -2], "threshold": [0.5, 0.5, 0.5, 0.5, 0.5, 0.5, 0.5, 0.5, 0.5, 3.5, -2.0, -2.0, -2.0, 0.5, -2.0, -2.0, 0.5, -2.0, -2.0, 1.5, 0.5, 0.5, 0.5, -2.0, -2.0, -2.0, 0.5, -2.0, -2.0, -2.0, -2.0, 1.5, 2.5, 0.5, 0.5, 3.5, -2.0, -2.0, -2.0, -2.0, -2.0, -2.0, 1.5, 0.5, 0.5, 1.5, 1.5, 0.5, -2.0, -2.0, -2.0, -2.0, -2.0, 0.5, 3.5, -2.0, -2.0, 0.5, 0.5, -2.0, 0.5, -2.0, -2.0, -2.0, -2.0, 0.5, 0.5, 2.5, 0.5, 0.5, 0.5, 0.5, 0.5, -2.0, -2.0, -2.0, -2.0, -2.0, -2.0, -2.0, -2.0, -2.0, 0.5, 0.5, 0.5, 0.5, -2.0, -2.0, -2.0, 0.5, 0.5, -2.0, -2.0, -2.0, -2.0], "value": [[0.3628472222222222, 0.3125, 0.3246527777777778], [0.3248031496062992, 0.3346456692913386, 0.3405511811023622], [0.36626506024096384, 0.29397590361445786, 0.3397590361445783], [0.2727272727272727, 0.3490909090909091, 0.3781818181818182], [0.25, 0.33035714285714285, 0.41964285714285715], [0.21782178217821782, 0.33663366336633666, 0.44554455445544555], [0.2336448598130841, 0.1588785046728972, 0.6074766355140186], [0.12345679012345678, 0.1728395061728395, 0.7037037037037037], [0.16393442622950818, 0.13114754098360656, 0.7049180327868853], [0.21739130434782608, 0.15217391304347827, 0.6304347826086957], [0.14285714285714285, 0.16666666666666666, 0.6904761904761905], [1.0, 0.0, 0.0], [0.0, 0.06666666666666667, 0.9333333333333333], [0.0, 0.3, 0.7], [0.0, 1.0, 0.0], [0.0, 0.2222222222222222, 0.7777777777777778], [0.5769230769230769, 0.11538461538461539, 0.3076923076923077], [0.14285714285714285, 0.14285714285714285, 0.7142857142857143], [0.7368421052631579, 0.10526315789473684, 0.15789473684210525], [0.2, 0.5368421052631579, 0.2631578947368421], [0.14666666666666667, 0.6133333333333333, 0.24], [0.23809523809523808, 0.5238095238095238, 0.23809523809523808], [0.225, 0.55, 0.225], [0.25, 0.6111111111111112, 0.1388888888888889], [0.0, 0.0, 1.0], [0.5, 0.0, 0.5], [0.030303030303030304, 0.7272727272727273, 0.24242424242424243], [0.05, 0.55, 0.4], [0.0, 1.0, 0.0], [0.4, 0.25, 0.35], [0.5454545454545454, 0.2727272727272727, 0.18181818181818182], [0.37254901960784315, 0.43137254901960786, 0.19607843137254902], [0.3191489361702128, 0.46808510638297873, 0.2127659574468085], [0.2558139534883721, 0.5116279069767442, 0.23255813953488372], [0.1111111111111111, 0.6296296296296297, 0.25925925925925924], [0.08, 0.68, 0.24], [0.047619047619047616, 0.8095238095238095, 0.14285714285714285], [0.25, 0.0, 0.75], [0.5, 0.0, 0.5], [0.5, 0.3125, 0.1875], [1.0, 0.0, 0.0], [1.0, 0.0, 0.0], [0.55, 0.18571428571428572, 0.2642857142857143], [0.592, 0.136, 0.272], [0.24444444444444444, 0.26666666666666666, 0.4888888888888889], [0.3142857142857143, 0.08571428571428572, 0.6], [0.1724137931034483, 0.10344827586206896, 0.7241379310344828], [0.045454545454545456, 0.09090909090909091, 0.8636363636363636], [0.058823529411764705, 0.0, 0.9411764705882353], [0.0, 0.4, 0.6], [0.5714285714285714, 0.14285714285714285, 0.2857142857142857], [1.0, 0.0, 0.0], [0.0, 0.9, 0.1], [0.7875, 0.0625, 0.15], [0.47368421052631576, 0.21052631578947367, 0.3157894736842105], [0.2857142857142857, 0.2857142857142857, 0.42857142857142855], [1.0, 0.0, 0.0], [0.8852459016393442, 0.01639344262295082, 0.09836065573770492], [0.9433962264150944, 0.0, 0.05660377358490566], [0.8333333333333334, 0.0, 0.16666666666666666], [0.975609756097561, 0.0, 0.024390243902439025], [1.0, 0.0, 0.0], [0.9, 0.0, 0.1], [0.5, 0.125, 0.375], [0.2, 0.6, 0.2], [0.13978494623655913, 0.5161290322580645, 0.34408602150537637], [0.0963855421686747, 0.5783132530120482, 0.3253012048192771], [0.10294117647058823, 0.6470588235294118, 0.25], [0.05, 0.7333333333333333, 0.21666666666666667], [0.075, 0.625, 0.3], [0.027777777777777776, 0.6944444444444444, 0.2777777777777778], [0.04, 0.6, 0.36], [0.047619047619047616, 0.7142857142857143, 0.23809523809523808], [0.0, 0.7894736842105263, 0.21052631578947367], [0.5, 0.0, 0.5], [0.0, 0.0, 1.0], [0.0, 0.9090909090909091, 0.09090909090909091], [0.5, 0.0, 0.5], [0.0, 0.95, 0.05], [0.5, 0.0, 0.5], [0.06666666666666667, 0.26666666666666666, 0.6666666666666666], [0.5, 0.0, 0.5], [0.6470588235294118, 0.14705882352941177, 0.20588235294117646], [0.6825396825396826, 0.09523809523809523, 0.2222222222222222], [0.4642857142857143, 0.17857142857142858, 0.35714285714285715], [0.3684210526315789, 0.10526315789473684, 0.5263157894736842], [0.2, 0.13333333333333333, 0.6666666666666666], [1.0, 0.0, 0.0], [0.6666666666666666, 0.3333333333333333, 0.0], [0.8571428571428571, 0.02857142857142857, 0.11428571428571428], [0.9629629629629629, 0.037037037037037035, 0.0], [0.8571428571428571, 0.14285714285714285, 0.0], [1.0, 0.0, 0.0], [0.5, 0.0, 0.5], [0.2, 0.8, 0.0]]}, {"node_count": 75, "children_left": [1, 2, 3, 4, 5, 6, 7, 8, 9, 10, -1, -1, -1, 14, -1, -1, 17, -1, -1, -1, -1, -1, 23, -1, -1, -1, 27, 28, 29, 30, 31, 32, 33, 34, -1, -1, -1, -1, -1, -1, -1, 42, 43, 44, 45, 46, 47, 48, -1, -1, -1, -1, -1, -1, 55, 56, 57, -1, 59, 60, -1, -1, -1, -1, -1, -1, 67, 68, 69, 70, -1, -1, -1, -1, -1], "children_right": [26, 25, 22, 21, 20, 19, 16, 13, 12, 11, -1, -1, -1, 15, -1, -1, 18, -1, -1, -1, -1, -1, 24, -1, -1, -1, 66, 41, 40, 39, 38, 37, 36, 35, -1, -1, -1, -1, -1, -1, -1, 65, 54, 53, 52, 51, 50, 49, -1, -1, -1, -1, -1, -1, 64, 63, 58, -1, 62, 61, -1, -1, -1, -1, -1, -1, 74, 73, 72, 71, -1, -1, -1, -1, -1], "feature": [313, 134, 136, 22, 262, 138, 255, 35, 167, 310, -2, -2, -2, 177, -2, -2, 310, -2, -2, -2, -2, -2, 2, -2, -2, -2, 301, 307, 29, 0, 102, 251, 272, 101, -2, -2, -2, -2, -2, -2, -2, 35, 107, 110, 29, 106, 104, 30, -2, -2, -2, -2, -2, -2, 143, 155, 309, -2, 190, 231, -2, -2, -2, -2, -2, -2, 114, 107, 110, 12, -2, -2, -2, -2, -2], "threshold": [0.5, 0.5, 0.5, 1.5, 0.5, 0.5, 0.5, 0.5, 0.5, 0.5, -2.0, -2.0, -2.0, 0.5, -2.0, -2.0, 0.5, -2.0, -2.0, -2.0, -2.0, -2.0, 0.5, -2.0, -2.0, -2.0, 3.5, 0.5, 0.5, 1.5, 2.5, 0.5, 0.5, 1.5, -2.0, -2.0, -2.0, -2.0, -2.0, -2.0, -2.0, 1.5, 0.5, 1.5, 0.5, 1.5, 1.5, 0.5, -2.0, -2.0, -2.0, -2.0, -2.0, -2.0, 0.5, 0.5, 0.5, -2.0, 0.5, 0.5, -2.0, -2.0, -2.0, -2.0, -2.0, -2.0, 0.5, 1.5, 0.5, 0.5, -2.0, -2.0, -2.0, -2.0, -2.0], "value": [[0.3368055555555556, 0.3541666666666667, 0.3090277777777778], [0.2703583061889251, 0.46579804560260585, 0.26384364820846906], [0.27759197324414714, 0.4782608695652174, 0.24414715719063546], [0.25089605734767023, 0.4910394265232975, 0.25806451612903225], [0.23616236162361623, 0.5018450184501845, 0.26199261992619927], [0.2188679245283019, 0.5132075471698113, 0.2679245283018868], [0.1908713692946058, 0.5145228215767634, 0.2946058091286307], [0.12980769230769232, 0.5480769230769231, 0.32211538461538464], [0.13259668508287292, 0.5082872928176796, 0.35911602209944754], [0.1411042944785276, 0.4662576687116564, 0.39263803680981596], [0.08333333333333333, 0.5151515151515151, 0.4015151515151515], [0.3870967741935484, 0.25806451612903225, 0.3548387096774194], [0.05555555555555555, 0.8888888888888888, 0.05555555555555555], [0.1111111111111111, 0.8148148148148148, 0.07407407407407407], [0.12, 0.84, 0.04], [0.0, 0.5, 0.5], [0.5757575757575758, 0.30303030303030304, 0.12121212121212122], [0.0, 0.8181818181818182, 0.18181818181818182], [0.8636363636363636, 0.045454545454545456, 0.09090909090909091], [0.5, 0.5, 0.0], [1.0, 0.0, 0.0], [0.75, 0.125, 0.125], [0.65, 0.3, 0.05], [0.8461538461538461, 0.15384615384615385, 0.0], [0.2857142857142857, 0.5714285714285714, 0.14285714285714285], [0.0, 0.0, 1.0], [0.41263940520446096, 0.22676579925650558, 0.36059479553903345], [0.29069767441860467, 0.31976744186046513, 0.38953488372093026], [0.047619047619047616, 0.5079365079365079, 0.4444444444444444], [0.05357142857142857, 0.5714285714285714, 0.375], [0.046511627906976744, 0.6744186046511628, 0.27906976744186046], [0.0, 0.6756756756756757, 0.32432432432432434], [0.0, 0.7575757575757576, 0.24242424242424243], [0.0, 0.7241379310344828, 0.27586206896551724], [0.0, 0.8636363636363636, 0.13636363636363635], [0.0, 0.2857142857142857, 0.7142857142857143], [0.0, 1.0, 0.0], [0.0, 0.0, 1.0], [0.3333333333333333, 0.6666666666666666, 0.0], [0.07692307692307693, 0.23076923076923078, 0.6923076923076923], [0.0, 0.0, 1.0], [0.43119266055045874, 0.21100917431192662, 0.3577981651376147], [0.4563106796116505, 0.1650485436893204, 0.3786407766990291], [0.2549019607843137, 0.21568627450980393, 0.5294117647058824], [0.15555555555555556, 0.24444444444444444, 0.6], [0.17073170731707318, 0.2682926829268293, 0.5609756097560976], [0.16216216216216217, 0.21621621621621623, 0.6216216216216216], [0.11764705882352941, 0.20588235294117646, 0.6764705882352942], [0.14285714285714285, 0.25, 0.6071428571428571], [0.0, 0.0, 1.0], [0.6666666666666666, 0.3333333333333333, 0.0], [0.25, 0.75, 0.0], [0.0, 0.0, 1.0], [1.0, 0.0, 0.0], [0.6538461538461539, 0.11538461538461539, 0.23076923076923078], [0.5609756097560976, 0.14634146341463414, 0.2926829268292683], [0.6764705882352942, 0.029411764705882353, 0.29411764705882354], [0.2857142857142857, 0.14285714285714285, 0.5714285714285714], [0.7777777777777778, 0.0, 0.2222222222222222], [0.9047619047619048, 0.0, 0.09523809523809523], [1.0, 0.0, 0.0], [0.7142857142857143, 0.0, 0.2857142857142857], [0.3333333333333333, 0.0, 0.6666666666666666], [0.0, 0.7142857142857143, 0.2857142857142857], [1.0, 0.0, 0.0], [0.0, 1.0, 0.0], [0.6288659793814433, 0.061855670103092786, 0.30927835051546393], [0.7083333333333334, 0.05555555555555555, 0.2361111111111111], [0.631578947368421, 0.07017543859649122, 0.2982456140350877], [0.45454545454545453, 0.12121212121212122, 0.42424242424242425], [0.5882352941176471, 0.23529411764705882, 0.17647058823529413], [0.3125, 0.0, 0.6875], [0.875, 0.0, 0.125], [1.0, 0.0, 0.0], [0.4, 0.08, 0.52]]}, {"node_count": 93, "children_left": [1, 2, 3, 4, 5, 6, 7, 8, 9, 10, -1, -1, -1, -1, -1, 16, 17, 18, -1, -1, -1, -1, 23, 24, 25, 26, 27, -1, -1, -1, -1, -1, -1, 34, 35, 36, -1, -1, -1, -1, 41, 42, 43, 44, 45, 46, 47, -1, -1, -1, -1, -1, -1, 54, 55, 56, -1, -1, 59, 60, 61, -1, -1, -1, -1, -1, 67, 68, -1, -1, -1, 72, 73, -1, -1, -1, 77, 78, 79, -1, -1, -1, 83, 84, 85, 86, 87, -1, -1, -1, -1, -1, -1], "children_right": [76, 71, 40, 33, 22, 15, 14, 13, 12, 11, -1, -1, -1, -1, -1, 21, 20, 19, -1, -1, -1, -1, 32, 31, 30, 29, 28, -1, -1, -1, -1, -1, -1, 39, 38, 37, -1, -1, -1, -1, 66, 53, 52, 51, 50, 49, 48, -1, -1, -1, -1, -1, -1, 65, 58, 57, -1, -1, 64, 63, 62, -1, -1, -1, -1, -1, 70, 69, -1, -1, -1, 75, 74, -1, -1, -1, 82, 81, 80, -1, -1, -1, 92, 91, 90, 89, 88, -1, -1, -1, -1, -1, -1], "feature": [15, 117, 307, 311, 305, 310, 208, 130, 306, 33, -2, -2, -2, -2, -2, 190, 279, 303, -2, -2, -2, -2, 18, 68, 45, 242, 215, -2, -2, -2, -2, -2, -2, 184, 200, 144, -2, -2, -2, -2, 107, 311, 28, 233, 203, 236, 127, -2, -2, -2, -2, -2, -2, 159, 102, 203, -2, -2, 201, 193, 66, -2, -2, -2, -2, -2, 143, 107, -2, -2, -2, 205, 272, -2, -2, -2, 307, 1, 108, -2, -2, -2, 102, 135, 248, 280, 304, -2, -2, -2, -2, -2, -2], "threshold": [0.5, 0.5, 0.5, 0.5, 0.5, 0.5, 0.5, 0.5, 0.5, 0.5, -2.0, -2.0, -2.0, -2.0, -2.0, 0.5, 0.5, 4.5, -2.0, -2.0, -2.0, -2.0, 0.5, 0.5, 0.5, 0.5, 0.5, -2.0, -2.0, -2.0, -2.0, -2.0, -2.0, 0.5, 1.5, 0.5, -2.0, -2.0, -2.0, -2.0, 2.5, 0.5, 0.5, 0.5, 1.5, 0.5, 1.5, -2.0, -2.0, -2.0, -2.0, -2.0, -2.0, 0.5, 0.5, 0.5, -2.0, -2.0, 2.5, 0.5, 0.5, -2.0, -2.0, -2.0, -2.0, -2.0, 0.5, 4.5, -2.0, -2.0, -2.0, 1.5, 0.5, -2.0, -2.0, -2.0, 0.5, 0.5, 0.5, -2.0, -2.0, -2.0, 4.5, 1.5, 0.5, 0.5, 0.5, -2.0, -2.0, -2.0, -2.0, -2.0, -2.0], "value": [[0.3003472222222222, 0.3524305555555556, 0.3472222222222222], [0.2773109243697479, 0.3319327731092437, 0.3907563025210084], [0.25892857142857145, 0.34598214285714285, 0.3950892857142857], [0.059113300492610835, 0.45320197044334976, 0.4876847290640394], [0.03773584905660377, 0.5283018867924528, 0.4339622641509434], [0.058823529411764705, 0.3411764705882353, 0.6], [0.0, 0.2708333333333333, 0.7291666666666666], [0.0, 0.18421052631578946, 0.8157894736842105], [0.0, 0.21875, 0.78125], [0.0, 0.16666666666666666, 0.8333333333333334], [0.0, 0.11538461538461539, 0.8846153846153846], [0.0, 0.5, 0.5], [0.0, 1.0, 0.0], [0.0, 0.0, 1.0], [0.0, 0.6, 0.4], [0.13513513513513514, 0.43243243243243246, 0.43243243243243246], [0.15151515151515152, 0.48484848484848486, 0.36363636363636365], [0.17857142857142858, 0.5714285714285714, 0.25], [0.0, 0.7, 0.3], [0.625, 0.25, 0.125], [0.0, 0.0, 1.0], [0.0, 0.0, 1.0], [0.013513513513513514, 0.7432432432432432, 0.24324324324324326], [0.014705882352941176, 0.7794117647058824, 0.20588235294117646], [0.017857142857142856, 0.8214285714285714, 0.16071428571428573], [0.0196078431372549, 0.8823529411764706, 0.09803921568627451], [0.0, 0.9166666666666666, 0.08333333333333333], [0.0, 0.8095238095238095, 0.19047619047619047], [0.0, 1.0, 0.0], [0.3333333333333333, 0.3333333333333333, 0.3333333333333333], [0.0, 0.2, 0.8], [0.0, 0.5833333333333334, 0.4166666666666667], [0.0, 0.3333333333333333, 0.6666666666666666], [0.13636363636363635, 0.18181818181818182, 0.6818181818181818], [0.05128205128205128, 0.20512820512820512, 0.7435897435897436], [0.043478260869565216, 0.043478260869565216, 0.9130434782608695], [0.05, 0.0, 0.95], [0.0, 0.3333333333333333, 0.6666666666666666], [0.0625, 0.4375, 0.5], [0.8, 0.0, 0.2], [0.42448979591836733, 0.2571428571428571, 0.3183673469387755], [0.3888888888888889, 0.25462962962962965, 0.35648148148148145], [0.2857142857142857, 0.3157894736842105, 0.39849624060150374], [0.3220338983050847, 0.2627118644067797, 0.4152542372881356], [0.32456140350877194, 0.24561403508771928, 0.4298245614035088], [0.3258426966292135, 0.30337078651685395, 0.3707865168539326], [0.29411764705882354, 0.3176470588235294, 0.38823529411764707], [0.25, 0.3375, 0.4125], [1.0, 0.0, 0.0], [1.0, 0.0, 0.0], [0.32, 0.04, 0.64], [0.25, 0.75, 0.0], [0.0, 0.7333333333333333, 0.26666666666666666], [0.5542168674698795, 0.1566265060240964, 0.2891566265060241], [0.4931506849315068, 0.1780821917808219, 0.3287671232876712], [0.25, 0.16666666666666666, 0.5833333333333334], [0.11764705882352941, 0.11764705882352941, 0.7647058823529411], [0.5714285714285714, 0.2857142857142857, 0.14285714285714285], [0.6122448979591837, 0.1836734693877551, 0.20408163265306123], [0.7096774193548387, 0.2903225806451613, 0.0], [0.8461538461538461, 0.15384615384615385, 0.0], [0.7894736842105263, 0.21052631578947367, 0.0], [1.0, 0.0, 0.0], [0.0, 1.0, 0.0], [0.4444444444444444, 0.0, 0.5555555555555556], [1.0, 0.0, 0.0], [0.6896551724137931, 0.27586206896551724, 0.034482758620689655], [0.76, 0.2, 0.04], [0.8636363636363636, 0.09090909090909091, 0.045454545454545456], [0.0, 1.0, 0.0], [0.25, 0.75, 0.0], [0.5714285714285714, 0.10714285714285714, 0.32142857142857145], [0.7272727272727273, 0.045454545454545456, 0.22727272727272727], [0.6470588235294118, 0.058823529411764705, 0.29411764705882354], [1.0, 0.0, 0.0], [0.0, 0.3333333333333333, 0.6666666666666666], [0.41, 0.45, 0.14], [0.08, 0.72, 0.2], [0.05405405405405406, 0.8648648648648649, 0.08108108108108109], [0.13333333333333333, 0.6666666666666666, 0.2], [0.0, 1.0, 0.0], [0.15384615384615385, 0.3076923076923077, 0.5384615384615384], [0.74, 0.18, 0.08], [0.7659574468085106, 0.14893617021276595, 0.0851063829787234], [0.8181818181818182, 0.09090909090909091, 0.09090909090909091], [0.8571428571428571, 0.07142857142857142, 0.07142857142857142], [0.7777777777777778, 0.1111111111111111, 0.1111111111111111], [0.8823529411764706, 0.11764705882352941, 0.0], [0.6, 0.1, 0.3], [1.0, 0.0, 0.0], [0.0, 0.5, 0.5], [0.0, 1.0, 0.0], [0.3333333333333333, 0.6666666666666666, 0.0]]}, {"node_count": 99, "children_left": [1, 2, 3, 4, 5, 6, 7, 8, 9, 10, -1, -1, -1, -1, -1, -1, -1, 18, 19, 20, 21, 22, 23, -1, -1, -1, -1, -1, -1, -1, 31, 32, 33, 34, 35, 36, 37, -1, -1, -1, -1, -1, 43, -1, -1, 46, 47, -1, -1, -1, -1, 52, 53, 54, -1, -1, -1, -1, 59, 60, 61, 62, 63, 64, 65, -1, -1, -1, -1, -1, 71, 72, 73, -1, 75, 76, -1, -1, -1, 80, 81, 82, 83, -1, -1, -1, -1, -1, -1, 90, 91, -1, -1, -1, 95, -1, 97, -1, -1], "children_right": [58, 51, 30, 17, 16, 15, 14, 13, 12, 11, -1, -1, -1, -1, -1, -1, -1, 29, 28, 27, 26, 25, 24, -1, -1, -1, -1, -1, -1, -1, 50, 45, 42, 41, 40, 39, 38, -1, -1, -1, -1, -1, 44, -1, -1, 49, 48, -1, -1, -1, -1, 57, 56, 55, -1, -1, -1, -1, 94, 89, 70, 69, 68, 67, 66, -1, -1, -1, -1, -1, 88, 79, 74, -1, 78, 77, -1, -1, -1, 87, 86, 85, 84, -1, -1, -1, -1, -1, -1, 93, 92, -1, -1, -1, 96, -1, 98, -1, -1], "feature": [102, 105, 103, 311, 70, 196, 26, 6, 306, 102, -2, -2, -2, -2, -2, -2, -2, 27, 179, 6, 18, 116, 300, -2, -2, -2, -2, -2, -2, -2, 242, 15, 217, 85, 254, 114, 124, -2, -2, -2, -2, -2, 318, -2, -2, 148, 230, -2, -2, -2, -2, 13, 124, 100, -2, -2, -2, -2, 27, 66, 300, 237, 215, 254, 217, -2, -2, -2, -2, -2, 24, 307, 305, -2, 170, 300, -2, -2, -2, 105, 32, 213, 314, -2, -2, -2, -2, -2, -2, 115, 128, -2, -2, -2, 303, -2, 310, -2, -2], "threshold": [1.5, 1.5, 0.5, 0.5, 0.5, 0.5, 0.5, 1.5, 0.5, 0.5, -2.0, -2.0, -2.0, -2.0, -2.0, -2.0, -2.0, 0.5, 0.5, 1.5, 0.5, 0.5, 2.5, -2.0, -2.0, -2.0, -2.0, -2.0, -2.0, -2.0, 0.5, 0.5, 0.5, 0.5, 0.5, 0.5, 0.5, -2.0, -2.0, -2.0, -2.0, -2.0, 0.5, -2.0, -2.0, 0.5, 0.5, -2.0, -2.0, -2.0, -2.0, 1.5, 0.5, 1.5, -2.0, -2.0, -2.0, -2.0, 0.5, 0.5, 2.5, 0.5, 0.5, 0.5, 0.5, -2.0, -2.0, -2.0, -2.0, -2.0, 0.5, 0.5, 0.5, -2.0, 0.5, 3.5, -2.0, -2.0, -2.0, 2.5, 0.5, 0.5, 0.5, -2.0, -2.0, -2.0, -2.0, -2.0, -2.0, 1.0, 0.5, -2.0, -2.0, -2.0, 2.5, -2.0, 0.5, -2.0, -2.0], "value": [[0.359375, 0.296875, 0.34375], [0.25, 0.35, 0.4], [0.2491103202846975, 0.3096085409252669, 0.4412811387900356], [0.1511627906976744, 0.36046511627906974, 0.4883720930232558], [0.06956521739130435, 0.3652173913043478, 0.5652173913043478], [0.07272727272727272, 0.38181818181818183, 0.5454545454545454], [0.0594059405940594, 0.3465346534653465, 0.594059405940594], [0.06060606060606061, 0.35353535353535354, 0.5858585858585859], [0.02127659574468085, 0.3723404255319149, 0.6063829787234043], [0.0273972602739726, 0.2602739726027397, 0.7123287671232876], [0.021739130434782608, 0.1956521739130435, 0.782608695652174], [0.037037037037037035, 0.37037037037037035, 0.5925925925925926], [0.0, 0.7619047619047619, 0.23809523809523808], [0.8, 0.0, 0.2], [0.0, 0.0, 1.0], [0.2222222222222222, 0.7777777777777778, 0.0], [0.0, 0.0, 1.0], [0.3157894736842105, 0.3508771929824561, 0.3333333333333333], [0.2777777777777778, 0.37037037037037035, 0.35185185185185186], [0.3125, 0.3125, 0.375], [0.23809523809523808, 0.35714285714285715, 0.40476190476190477], [0.17142857142857143, 0.42857142857142855, 0.4], [0.10344827586206896, 0.5172413793103449, 0.3793103448275862], [0.0, 0.4166666666666667, 0.5833333333333334], [0.17647058823529413, 0.5882352941176471, 0.23529411764705882], [0.5, 0.0, 0.5], [0.5714285714285714, 0.0, 0.42857142857142855], [0.8333333333333334, 0.0, 0.16666666666666666], [0.0, 0.8333333333333334, 0.16666666666666666], [1.0, 0.0, 0.0], [0.4036697247706422, 0.22935779816513763, 0.3669724770642202], [0.36, 0.25, 0.39], [0.36, 0.17333333333333334, 0.4666666666666667], [0.25925925925925924, 0.2222222222222222, 0.5185185185185185], [0.2916666666666667, 0.25, 0.4583333333333333], [0.22727272727272727, 0.2727272727272727, 0.5], [0.17647058823529413, 0.35294117647058826, 0.47058823529411764], [0.16, 0.24, 0.6], [0.2222222222222222, 0.6666666666666666, 0.1111111111111111], [0.4, 0.0, 0.6], [1.0, 0.0, 0.0], [0.0, 0.0, 1.0], [0.6190476190476191, 0.047619047619047616, 0.3333333333333333], [0.8125, 0.0625, 0.125], [0.0, 0.0, 1.0], [0.36, 0.48, 0.16], [0.2727272727272727, 0.5454545454545454, 0.18181818181818182], [0.3157894736842105, 0.5789473684210527, 0.10526315789473684], [0.0, 0.3333333333333333, 0.6666666666666666], [1.0, 0.0, 0.0], [0.8888888888888888, 0.0, 0.1111111111111111], [0.2564102564102564, 0.6410256410256411, 0.10256410256410256], [0.19444444444444445, 0.6944444444444444, 0.1111111111111111], [0.03571428571428571, 0.8928571428571429, 0.07142857142857142], [0.0, 1.0, 0.0], [0.06666666666666667, 0.8, 0.13333333333333333], [0.75, 0.0, 0.25], [1.0, 0.0, 0.0], [0.49609375, 0.23046875, 0.2734375], [0.4479638009049774, 0.248868778280543, 0.3031674208144796], [0.38341968911917096, 0.27979274611398963, 0.33678756476683935], [0.10344827586206896, 0.25862068965517243, 0.6379310344827587], [0.14634146341463414, 0.34146341463414637, 0.5121951219512195], [0.14285714285714285, 0.2571428571428571, 0.6], [0.16666666666666666, 0.3, 0.5333333333333333], [0.08333333333333333, 0.2916666666666667, 0.625], [0.5, 0.3333333333333333, 0.16666666666666666], [0.0, 0.0, 1.0], [0.16666666666666666, 0.8333333333333334, 0.0], [0.0, 0.058823529411764705, 0.9411764705882353], [0.5037037037037037, 0.28888888888888886, 0.2074074074074074], [0.532258064516129, 0.31451612903225806, 0.1532258064516129], [0.24489795918367346, 0.5306122448979592, 0.22448979591836735], [0.5217391304347826, 0.2608695652173913, 0.21739130434782608], [0.0, 0.7692307692307693, 0.23076923076923078], [0.0, 0.8333333333333334, 0.16666666666666666], [0.0, 0.5, 0.5], [0.0, 1.0, 0.0], [0.0, 0.0, 1.0], [0.72, 0.17333333333333334, 0.10666666666666667], [0.7397260273972602, 0.1506849315068493, 0.1095890410958904], [0.7910447761194029, 0.08955223880597014, 0.11940298507462686], [0.9056603773584906, 0.018867924528301886, 0.07547169811320754], [0.8076923076923077, 0.038461538461538464, 0.15384615384615385], [1.0, 0.0, 0.0], [0.35714285714285715, 0.35714285714285715, 0.2857142857142857], [0.16666666666666666, 0.8333333333333334, 0.0], [0.0, 1.0, 0.0], [0.18181818181818182, 0.0, 0.8181818181818182], [0.8928571428571429, 0.03571428571428571, 0.07142857142857142], [0.9545454545454546, 0.0, 0.045454545454545456], [1.0, 0.0, 0.0], [0.875, 0.0, 0.125], [0.6666666666666666, 0.16666666666666666, 0.16666666666666666], [0.8, 0.11428571428571428, 0.08571428571428572], [0.25, 0.25, 0.5], [0.8709677419354839, 0.0967741935483871, 0.03225806451612903], [0.7692307692307693, 0.23076923076923078, 0.0], [0.9444444444444444, 0.0, 0.05555555555555555]]}, {"node_count": 81, "children_left": [1, 2, 3, 4, 5, 6, 7, 8, 9, 10, -1, -1, 13, -1, -1, -1, -1, -1, -1, 20, 21, 22, 23, 24, 25, -1, -1, 28, -1, -1, -1, -1, -1, -1, 35, -1, 37, -1, -1, -1, 41, 42, 43, 44, 45, 46, 47, -1, -1, 50, 51, -1, -1, -1, -1, -1, -1, 58, 59, 60, 61, 62, 63, 64, -1, -1, -1, -1, -1, -1, -1, -1, 73, 74, 75, 76, -1, -1, -1, -1, -1], "children_right": [40, 39, 34, 19, 18, 17, 16, 15, 12, 11, -1, -1, 14, -1, -1, -1, -1, -1, -1, 33, 32, 31, 30, 27, 26, -1, -1, 29, -1, -1, -1, -1, -1, -1, 36, -1, 38, -1, -1, -1, 72, 57, 56, 55, 54, 49, 48, -1, -1, 53, 52, -1, -1, -1, -1, -1, -1, 71, 70, 69, 68, 67, 66, 65, -1, -1, -1, -1, -1, -1, -1, -1, 80, 79, 78, 77, -1, -1, -1, -1, -1], "feature": [305, 152, 22, 101, 212, 215, 98, 200, 300, 153, -2, -2, 225, -2, -2, -2, -2, -2, -2, 220, 167, 94, 250, 8, 243, -2, -2, 103, -2, -2, -2, -2, -2, -2, 103, -2, 127, -2, -2, -2, 255, 301, 141, 196, 218, 303, 269, -2, -2, 217, 162, -2, -2, -2, -2, -2, -2, 178, 300, 7, 13, 83, 215, 45, -2, -2, -2, -2, -2, -2, -2, -2, 258, 272, 215, 95, -2, -2, -2, -2, -2], "threshold": [0.5, 0.5, 0.5, 0.5, 0.5, 0.5, 0.5, 1.5, 2.5, 0.5, -2.0, -2.0, 0.5, -2.0, -2.0, -2.0, -2.0, -2.0, -2.0, 1.5, 0.5, 0.5, 0.5, 0.5, 0.5, -2.0, -2.0, 4.5, -2.0, -2.0, -2.0, -2.0, -2.0, -2.0, 0.5, -2.0, 0.5, -2.0, -2.0, -2.0, 0.5, 2.5, 0.5, 0.5, 0.5, 2.5, 0.5, -2.0, -2.0, 0.5, 0.5, -2.0, -2.0, -2.0, -2.0, -2.0, -2.0, 0.5, 4.5, 0.5, 0.5, 0.5, 1.5, 0.5, -2.0, -2.0, -2.0, -2.0, -2.0, -2.0, -2.0, -2.0, 0.5, 0.5, 0.5, 0.5, -2.0, -2.0, -2.0, -2.0, -2.0], "value": [[0.3559027777777778, 0.3315972222222222, 0.3125], [0.3737704918032787, 0.20655737704918034, 0.419672131147541], [0.3877551020408163, 0.1836734693877551, 0.42857142857142855], [0.33458646616541354, 0.20300751879699247, 0.462406015037594], [0.16666666666666666, 0.27450980392156865, 0.5588235294117647], [0.1797752808988764, 0.20224719101123595, 0.6179775280898876], [0.18823529411764706, 0.16470588235294117, 0.6470588235294118], [0.1686746987951807, 0.1686746987951807, 0.6626506024096386], [0.0967741935483871, 0.1935483870967742, 0.7096774193548387], [0.0, 0.12121212121212122, 0.8787878787878788], [0.0, 0.0967741935483871, 0.9032258064516129], [0.0, 0.5, 0.5], [0.20689655172413793, 0.27586206896551724, 0.5172413793103449], [0.14814814814814814, 0.2962962962962963, 0.5555555555555556], [1.0, 0.0, 0.0], [0.38095238095238093, 0.09523809523809523, 0.5238095238095238], [1.0, 0.0, 0.0], [0.0, 1.0, 0.0], [0.07692307692307693, 0.7692307692307693, 0.15384615384615385], [0.43902439024390244, 0.15853658536585366, 0.4024390243902439], [0.4370860927152318, 0.12582781456953643, 0.4370860927152318], [0.40559440559440557, 0.13286713286713286, 0.46153846153846156], [0.375, 0.13970588235294118, 0.4852941176470588], [0.30357142857142855, 0.16964285714285715, 0.5267857142857143], [0.4098360655737705, 0.18032786885245902, 0.4098360655737705], [0.4528301886792453, 0.18867924528301888, 0.3584905660377358], [0.125, 0.125, 0.75], [0.17647058823529413, 0.1568627450980392, 0.6666666666666666], [0.17391304347826086, 0.08695652173913043, 0.7391304347826086], [0.2, 0.8, 0.0], [0.7083333333333334, 0.0, 0.2916666666666667], [1.0, 0.0, 0.0], [1.0, 0.0, 0.0], [0.46153846153846156, 0.5384615384615384, 0.0], [0.8928571428571429, 0.0, 0.10714285714285714], [0.6666666666666666, 0.0, 0.3333333333333333], [0.9545454545454546, 0.0, 0.045454545454545456], [1.0, 0.0, 0.0], [0.6666666666666666, 0.0, 0.3333333333333333], [0.0, 0.8181818181818182, 0.18181818181818182], [0.33579335793357934, 0.47232472324723246, 0.1918819188191882], [0.2631578947368421, 0.5175438596491229, 0.21929824561403508], [0.0958904109589041, 0.5753424657534246, 0.3287671232876712], [0.109375, 0.515625, 0.375], [0.1016949152542373, 0.559322033898305, 0.3389830508474576], [0.09433962264150944, 0.6037735849056604, 0.3018867924528302], [0.05, 0.8, 0.15], [0.0, 0.9375, 0.0625], [0.25, 0.25, 0.5], [0.12121212121212122, 0.48484848484848486, 0.3939393939393939], [0.045454545454545456, 0.6818181818181818, 0.2727272727272727], [0.05, 0.75, 0.2], [0.0, 0.0, 1.0], [0.2727272727272727, 0.09090909090909091, 0.6363636363636364], [0.16666666666666666, 0.16666666666666666, 0.6666666666666666], [0.2, 0.0, 0.8], [0.0, 1.0, 0.0], [0.3419354838709677, 0.49032258064516127, 0.16774193548387098], [0.2773722627737226, 0.5328467153284672, 0.1897810218978102], [0.19672131147540983, 0.5901639344262295, 0.21311475409836064], [0.1651376146788991, 0.6422018348623854, 0.1926605504587156], [0.19753086419753085, 0.5802469135802469, 0.2222222222222222], [0.12857142857142856, 0.6285714285714286, 0.24285714285714285], [0.14285714285714285, 0.5873015873015873, 0.2698412698412698], [0.09090909090909091, 0.6545454545454545, 0.2545454545454545], [0.5, 0.125, 0.375], [0.0, 1.0, 0.0], [0.6363636363636364, 0.2727272727272727, 0.09090909090909091], [0.07142857142857142, 0.8214285714285714, 0.10714285714285714], [0.46153846153846156, 0.15384615384615385, 0.38461538461538464], [0.9333333333333333, 0.06666666666666667, 0.0], [0.8333333333333334, 0.16666666666666666, 0.0], [0.7209302325581395, 0.23255813953488372, 0.046511627906976744], [0.8, 0.17142857142857143, 0.02857142857142857], [0.8484848484848485, 0.12121212121212122, 0.030303030303030304], [0.9, 0.06666666666666667, 0.03333333333333333], [0.96, 0.04, 0.0], [0.6, 0.2, 0.2], [0.3333333333333333, 0.6666666666666666, 0.0], [0.0, 1.0, 0.0], [0.375, 0.5, 0.125]]}, {"node_count": 85, "children_left": [1, 2, 3, 4,