{"n_estimators": 50, "n_features": 260, "trees": [{"node_count": 131, "children_left": [1, 2, 3, 4, 5, 6, 7, 8, 9, 10, 11, 12, 13, 14, 15, -1, -1, -1, 19, -1, -1, -1, -1, -1, -1, -1, -1, -1, -1, 30, 31, 32, 33, 34, 35, 36, 37, 38, 39, 40, -1, -1, -1, -1, -1, -1, -1, -1, -1, -1, -1, 52, -1, -1, 55, -1, 57, 58, 59, -1, 61, 62, 63, 64, 65, 66, 67, -1, 69, -1, -1, -1, -1, -1, -1, -1, -1, -1, -1, 80, -1, -1, 83, 84, 85, 86, 87, 88, 89, 90, 91, 92, 93, 94, 95, -1, 97, -1, -1, -1, -1, -1, -1, -1, -1, -1, -1, -1, -1, 110, 111, 112, 113, 114, 115, -1, 117, 118, 119, 120, -1, -1, -1, -1, -1, -1, -1, -1, -1, -1, -1], "children_right": [82, 79, 54, 29, 28, 27, 26, 25, 24, 23, 22, 21, 18, 17, 16, -1, -1, -1, 20, -1, -1, -1, -1, -1, -1, -1, -1, -1, -1, 51, 50, 49, 48, 47, 46, 45, 44, 43, 42, 41, -1, -1, -1, -1, -1, -1, -1, -1, -1, -1, -1, 53, -1, -1, 56, -1, 78, 77, 60, -1, 76, 75, 74, 73, 72, 71, 68, -1, 70, -1, -1, -1, -1, -1, -1, -1, -1, -1, -1, 81, -1, -1, 130, 109, 108, 107, 106, 105, 104, 103, 102, 101, 100, 99, 96, -1, 98, -1, -1, -1, -1, -1, -1, -1, -1, -1, -1, -1, -1, 129, 128, 127, 126, 125, 116, -1, 124, 123, 122, 121, -1, -1, -1, -1, -1, -1, -1, -1, -1, -1, -1], "feature": [254, 59, 250, 245, 181, 224, 142, 206, 241, 246, 192, 120, 0, 113, 162, -2, -2, -2, 58, -2, -2, -2, -2, -2, -2, -2, -2, -2, -2, 90, 21, 11, 119, 22, 95, 215, 178, 96, 253, 97, -2, -2, -2, -2, -2, -2, -2, -2, -2, -2, -2, 161, -2, -2, 242, -2, 99, 8, 240, -2, 67, 20, 12, 106, 228, 169, 243, -2, 147, -2, -2, -2, -2, -2, -2, -2, -2, -2, -2, 24, -2, -2, 35, 240, 81, 204, 171, 114, 258, 223, 159, 238, 76, 251, 250, -2, 94, -2, -2, -2, -2, -2, -2, -2, -2, -2, -2, -2, -2, 191, 30, 84, 130, 240, 247, -2, 10, 194, 251, 0, -2, -2, -2, -2, -2, -2, -2, -2, -2, -2, -2], "threshold": [0.5, 0.5, 0.5, 0.5, 0.5, 0.5, 1.5, 0.5, 3.5, 0.5, 0.5, 0.5, 0.5, 0.5, 0.5, -2.0, -2.0, -2.0, 0.5, -2.0, -2.0, -2.0, -2.0, -2.0, -2.0, -2.0, -2.0, -2.0, -2.0, 0.5, 0.5, 0.5, 0.5, 0.5, 0.5, 0.5, 0.5, 0.5, 0.5, 1.5, -2.0, -2.0, -2.0, -2.0, -2.0, -2.0, -2.0, -2.0, -2.0, -2.0, -2.0, 1.5, -2.0, -2.0, 1.5, -2.0, 0.5, 0.5, 2.5, -2.0, 0.5, 0.5, 1.5, 0.5, 0.5, 0.5, 3.5, -2.0, 0.5, -2.0, -2.0, -2.0, -2.0, -2.0, -2.0, -2.0, -2.0, -2.0, -2.0, 0.5, -2.0, -2.0, 0.5, 3.5, 0.5, 0.5, 0.5, 1.5, 0.5, 0.5, 0.5, 0.5, 0.5, 0.5, 0.5, -2.0, 0.5, -2.0, -2.0, -2.0, -2.0, -2.0, -2.0, -2.0, -2.0, -2.0, -2.0, -2.0, -2.0, 0.5, 0.5, 0.5, 1.0, 4.5, 0.5, -2.0, 0.5, 0.5, 0.5, 1.5, -2.0, -2.0, -2.0, -2.0, -2.0, -2.0, -2.0, -2.0, -2.0, -2.0, -2.0], "value": [[0.3240901213171577, 0.36395147313691506, 0.3119584055459272], [0.22443181818181818, 0.4602272727272727, 0.3153409090909091], [0.18518518518518517, 0.4845679012345679, 0.33024691358024694], [0.07272727272727272, 0.55, 0.37727272727272726], [0.09876543209876543, 0.3333333333333333, 0.5679012345679012], [0.0759493670886076, 0.34177215189873417, 0.5822784810126582], [0.08, 0.30666666666666664, 0.6133333333333333], [0.0821917808219178, 0.2876712328767123, 0.6301369863013698], [0.06944444444444445, 0.2916666666666667, 0.6388888888888888], [0.015384615384615385, 0.3230769230769231, 0.6615384615384615], [0.02, 0.26, 0.72], [0.020833333333333332, 0.22916666666666666, 0.75], [0.0, 0.23404255319148937, 0.7659574468085106], [0.0, 0.34615384615384615, 0.6538461538461539], [0.0, 0.32, 0.68], [0.0, 0.4, 0.6], [0.0, 0.0, 1.0], [0.0, 1.0, 0.0], [0.0, 0.09523809523809523, 0.9047619047619048], [0.0, 0.05, 0.95], [0.0, 1.0, 0.0], [1.0, 0.0, 0.0], [0.0, 1.0, 0.0], [0.0, 0.5333333333333333, 0.4666666666666667], [0.5714285714285714, 0.0, 0.42857142857142855], [1.0, 0.0, 0.0], [0.0, 1.0, 0.0], [0.0, 1.0, 0.0], [1.0, 0.0, 0.0], [0.05755395683453238, 0.6762589928057554, 0.26618705035971224], [0.06956521739130435, 0.6347826086956522, 0.2956521739130435], [0.07207207207207207, 0.6576576576576577, 0.2702702702702703], [0.06, 0.71, 0.23], [0.023255813953488372, 0.7209302325581395, 0.2558139534883721], [0.024096385542168676, 0.7469879518072289, 0.2289156626506024], [0.012195121951219513, 0.7560975609756098, 0.23170731707317074], [0.012658227848101266, 0.7848101265822784, 0.20253164556962025], [0.013888888888888888, 0.8472222222222222, 0.1388888888888889], [0.017857142857142856, 0.8035714285714286, 0.17857142857142858], [0.020833333333333332, 0.8541666666666666, 0.125], [0.021739130434782608, 0.8913043478260869, 0.08695652173913043], [0.0, 0.0, 1.0], [0.0, 0.5, 0.5], [0.0, 1.0, 0.0], [0.0, 0.14285714285714285, 0.8571428571428571], [0.0, 0.0, 1.0], [1.0, 0.0, 0.0], [0.0, 0.0, 1.0], [0.2857142857142857, 0.6428571428571429, 0.07142857142857142], [0.18181818181818182, 0.18181818181818182, 0.6363636363636364], [0.0, 0.0, 1.0], [0.0, 0.875, 0.125], [0.0, 0.9130434782608695, 0.08695652173913043], [0.0, 0.0, 1.0], [0.4230769230769231, 0.34615384615384615, 0.23076923076923078], [0.21428571428571427, 0.21428571428571427, 0.5714285714285714], [0.45555555555555555, 0.36666666666666664, 0.17777777777777778], [0.5, 0.3048780487804878, 0.1951219512195122], [0.5223880597014925, 0.23880597014925373, 0.23880597014925373], [0.08333333333333333, 0.3333333333333333, 0.5833333333333334], [0.6181818181818182, 0.21818181818181817, 0.16363636363636364], [0.6538461538461539, 0.17307692307692307, 0.17307692307692307], [0.6938775510204082, 0.14285714285714285, 0.16326530612244897], [0.723404255319149, 0.14893617021276595, 0.1276595744680851], [0.75, 0.11363636363636363, 0.13636363636363635], [0.7674418604651163, 0.11627906976744186, 0.11627906976744186], [0.7142857142857143, 0.14285714285714285, 0.14285714285714285], [0.38461538461538464, 0.23076923076923078, 0.38461538461538464], [0.9090909090909091, 0.09090909090909091, 0.0], [0.8888888888888888, 0.1111111111111111, 0.0], [1.0, 0.0, 0.0], [1.0, 0.0, 0.0], [0.0, 0.0, 1.0], [0.3333333333333333, 0.6666666666666666, 0.0], [0.0, 0.0, 1.0], [0.0, 0.6666666666666666, 0.3333333333333333], [0.0, 1.0, 0.0], [0.4, 0.6, 0.0], [0.0, 1.0, 0.0], [0.6785714285714286, 0.17857142857142858, 0.14285714285714285], [0.7222222222222222, 0.05555555555555555, 0.2222222222222222], [0.6, 0.4, 0.0], [0.48, 0.21333333333333335, 0.30666666666666664], [0.4604651162790698, 0.22325581395348837, 0.31627906976744186], [0.12844036697247707, 0.3944954128440367, 0.47706422018348627], [0.12087912087912088, 0.31868131868131866, 0.5604395604395604], [0.12643678160919541, 0.28735632183908044, 0.5862068965517241], [0.12345679012345678, 0.24691358024691357, 0.6296296296296297], [0.1125, 0.25, 0.6375], [0.14285714285714285, 0.2857142857142857, 0.5714285714285714], [0.14754098360655737, 0.26229508196721313, 0.5901639344262295], [0.10909090909090909, 0.2909090909090909, 0.6], [0.1111111111111111, 0.2777777777777778, 0.6111111111111112], [0.11538461538461539, 0.25, 0.6346153846153846], [0.075, 0.175, 0.75], [0.0, 0.4444444444444444, 0.5555555555555556], [0.0967741935483871, 0.0967741935483871, 0.8064516129032258], [0.1, 0.06666666666666667, 0.8333333333333334], [0.0, 1.0, 0.0], [0.25, 0.5, 0.25], [0.0, 1.0, 0.0], [0.0, 1.0, 0.0], [0.5, 0.0, 0.5], [0.0, 1.0, 0.0], [0.0, 0.11764705882352941, 0.8823529411764706], [1.0, 0.0, 0.0], [0.16666666666666666, 0.8333333333333334, 0.0], [0.0, 1.0, 0.0], [0.16666666666666666, 0.7777777777777778, 0.05555555555555555], [0.8018867924528302, 0.04716981132075472, 0.1509433962264151], [0.8252427184466019, 0.04854368932038835, 0.1262135922330097], [0.8415841584158416, 0.0297029702970297, 0.12871287128712872], [0.8585858585858586, 0.030303030303030304, 0.1111111111111111], [0.8723404255319149, 0.010638297872340425, 0.11702127659574468], [0.7931034482758621, 0.017241379310344827, 0.1896551724137931], [0.0, 0.0, 1.0], [0.8679245283018868, 0.018867924528301886, 0.11320754716981132], [0.92, 0.0, 0.08], [0.9387755102040817, 0.0, 0.061224489795918366], [0.8888888888888888, 0.0, 0.1111111111111111], [0.8333333333333334, 0.0, 0.16666666666666666], [1.0, 0.0, 0.0], [1.0, 0.0, 0.0], [0.0, 0.0, 1.0], [0.0, 0.3333333333333333, 0.6666666666666666], [1.0, 0.0, 0.0], [0.6, 0.4, 0.0], [0.0, 0.0, 1.0], [0.0, 1.0, 0.0], [0.0, 0.0, 1.0], [0.9, 0.0, 0.1]]}, {"node_count": 117, "children_left": [1, 2, 3, 4, 5, 6, 7, 8, 9, 10, 11, 12, -1, -1, -1, -1, 17, 18, 19, 20, 21, 22, -1, -1, -1, -1, -1, -1, 29, -1, -1, 32, 33, 34, 35, -1, -1, 38, 39, 40, -1, -1, -1, -1, -1, -1, -1, -1, 49, 50, 51, 52, 53, 54, 55, 56, 57, -1, -1, -1, 61, 62, 63, -1, -1, -1, -1, -1, -1, -1, -1, -1, 73, 74, 75, 76, -1, -1, -1, -1, -1, 82, -1, -1, 85, 86, -1, 88, -1, -1, 91, -1, -1, 94, 95, 96, -1, -1, -1, 100, 101, 102, 103, 104, 105, 106, 107, -1, -1, -1, -1, -1, -1, -1, -1, -1, -1], "children_right": [116, 93, 84, 81, 48, 47, 46, 31, 16, 15, 14, 13, -1, -1, -1, -1, 28, 27, 26, 25, 24, 23, -1, -1, -1, -1, -1, -1, 30, -1, -1, 45, 44, 37, 36, -1, -1, 43, 42, 41, -1, -1, -1, -1, -1, -1, -1, -1, 72, 71, 70, 69, 68, 67, 60, 59, 58, -1, -1, -1, 66, 65, 64, -1, -1, -1, -1, -1, -1, -1, -1, -1, 80, 79, 78, 77, -1, -1, -1, -1, -1, 83, -1, -1, 90, 87, -1, 89, -1, -1, 92, -1, -1, 99, 98, 97, -1, -1, -1, 115, 114, 113, 112, 111, 110, 109, 108, -1, -1, -1, -1, -1, -1, -1, -1, -1, -1], "feature": [148, 15, 23, 123, 250, 56, 168, 246, 240, 160, 14, 241, -2, -2, -2, -2, 251, 76, 253, 242, 249, 18, -2, -2, -2, -2, -2, -2, 247, -2, -2, 81, 126, 243, 194, -2, -2, 77, 90, 167, -2, -2, -2, -2, -2, -2, -2, -2, 85, 105, 164, 159, 140, 10, 243, 172, 187, -2, -2, -2, 166, 230, 239, -2, -2, -2, -2, -2, -2, -2, -2, -2, 112, 30, 13, 243, -2, -2, -2, -2, -2, 80, -2, -2, 249, 240, -2, 97, -2, -2, 200, -2, -2, 250, 41, 241, -2, -2, -2, 4, 24, 259, 161, 85, 187, 160, 23, -2, -2, -2, -2, -2, -2, -2, -2, -2, -2], "threshold": [0.5, 0.5, 0.5, 0.5, 0.5, 1.5, 0.5, 0.5, 1.5, 1.5, 0.5, 1.5, -2.0, -2.0, -2.0, -2.0, 0.5, 0.5, 0.5, 3.5, 0.5, 0.5, -2.0, -2.0, -2.0, -2.0, -2.0, -2.0, 0.5, -2.0, -2.0, 0.5, 0.5, 2.5, 0.5, -2.0, -2.0, 0.5, 0.5, 0.5, -2.0, -2.0, -2.0, -2.0, -2.0, -2.0, -2.0, -2.0, 0.5, 0.5, 0.5, 0.5, 0.5, 0.5, 3.5, 0.5, 0.5, -2.0, -2.0, -2.0, 0.5, 0.5, 0.5, -2.0, -2.0, -2.0, -2.0, -2.0, -2.0, -2.0, -2.0, -2.0, 0.5, 0.5, 0.5, 3.5, -2.0, -2.0, -2.0, -2.0, -2.0, 1.5, -2.0, -2.0, 0.5, 2.5, -2.0, 0.5, -2.0, -2.0, 0.5, -2.0, -2.0, 0.5, 0.5, 2.5, -2.0, -2.0, -2.0, 0.5, 1.5, 0.5, 0.5, 0.5, 0.5, 1.5, 0.5, -2.0, -2.0, -2.0, -2.0, -2.0, -2.0, -2.0, -2.0, -2.0, -2.0], "value": [[0.3310225303292894, 0.3362218370883882, 0.3327556325823224], [0.3374558303886926, 0.34275618374558303, 0.3197879858657244], [0.2765072765072765, 0.3804573804573805, 0.34303534303534305], [0.2300469483568075, 0.42018779342723006, 0.34976525821596244], [0.2182741116751269, 0.4035532994923858, 0.37817258883248733], [0.10256410256410256, 0.48717948717948717, 0.41025641025641024], [0.08695652173913043, 0.4956521739130435, 0.41739130434782606], [0.0861244019138756, 0.45933014354066987, 0.45454545454545453], [0.11450381679389313, 0.3893129770992366, 0.4961832061068702], [0.044444444444444446, 0.28888888888888886, 0.6666666666666666], [0.05, 0.325, 0.625], [0.0, 0.3939393939393939, 0.6060606060606061], [0.0, 0.5454545454545454, 0.45454545454545453], [0.0, 0.09090909090909091, 0.9090909090909091], [0.2857142857142857, 0.0, 0.7142857142857143], [0.0, 0.0, 1.0], [0.1511627906976744, 0.4418604651162791, 0.4069767441860465], [0.07692307692307693, 0.46153846153846156, 0.46153846153846156], [0.0625, 0.46875, 0.46875], [0.023809523809523808, 0.6190476190476191, 0.35714285714285715], [0.03225806451612903, 0.7419354838709677, 0.22580645161290322], [0.0, 0.9090909090909091, 0.09090909090909091], [0.0, 0.9523809523809523, 0.047619047619047616], [0.0, 0.0, 1.0], [0.1111111111111111, 0.3333333333333333, 0.5555555555555556], [0.0, 0.2727272727272727, 0.7272727272727273], [0.13636363636363635, 0.18181818181818182, 0.6818181818181818], [1.0, 0.0, 0.0], [0.38095238095238093, 0.38095238095238093, 0.23809523809523808], [0.1, 0.5, 0.4], [0.6363636363636364, 0.2727272727272727, 0.09090909090909091], [0.038461538461538464, 0.5769230769230769, 0.38461538461538464], [0.016666666666666666, 0.7, 0.2833333333333333], [0.017241379310344827, 0.7241379310344828, 0.25862068965517243], [0.0, 0.9230769230769231, 0.07692307692307693], [0.0, 1.0, 0.0], [0.0, 0.3333333333333333, 0.6666666666666666], [0.03125, 0.5625, 0.40625], [0.03571428571428571, 0.6428571428571429, 0.32142857142857145], [0.041666666666666664, 0.5833333333333334, 0.375], [0.058823529411764705, 0.4117647058823529, 0.5294117647058824], [0.0, 1.0, 0.0], [0.0, 1.0, 0.0], [0.0, 0.0, 1.0], [0.0, 0.0, 1.0], [0.1111111111111111, 0.16666666666666666, 0.7222222222222222], [0.09523809523809523, 0.8571428571428571, 0.047619047619047616], [1.0, 0.0, 0.0], [0.3875, 0.28125, 0.33125], [0.3511450381679389, 0.33587786259541985, 0.31297709923664124], [0.28440366972477066, 0.3577981651376147, 0.3577981651376147], [0.313953488372093, 0.4186046511627907, 0.26744186046511625], [0.2631578947368421, 0.4473684210526316, 0.2894736842105263], [0.2898550724637681, 0.4057971014492754, 0.30434782608695654], [0.3225806451612903, 0.4032258064516129, 0.27419354838709675], [0.03571428571428571, 0.5, 0.4642857142857143], [0.041666666666666664, 0.5833333333333334, 0.375], [0.05, 0.5, 0.45], [0.0, 1.0, 0.0], [0.0, 0.0, 1.0], [0.5588235294117647, 0.3235294117647059, 0.11764705882352941], [0.6129032258064516, 0.3548387096774194, 0.03225806451612903], [0.5384615384615384, 0.4230769230769231, 0.038461538461538464], [0.6363636363636364, 0.3181818181818182, 0.045454545454545456], [0.0, 1.0, 0.0], [1.0, 0.0, 0.0], [0.0, 0.0, 1.0], [0.0, 0.42857142857142855, 0.5714285714285714], [0.0, 0.8571428571428571, 0.14285714285714285], [0.7, 0.2, 0.1], [0.17391304347826086, 0.13043478260869565, 0.6956521739130435], [0.6818181818181818, 0.22727272727272727, 0.09090909090909091], [0.5517241379310345, 0.034482758620689655, 0.41379310344827586], [0.5925925925925926, 0.037037037037037035, 0.37037037037037035], [0.6666666666666666, 0.0, 0.3333333333333333], [0.6956521739130435, 0.0, 0.30434782608695654], [0.3333333333333333, 0.0, 0.6666666666666666], [0.8235294117647058, 0.0, 0.17647058823529413], [0.0, 0.0, 1.0], [0.0, 0.3333333333333333, 0.6666666666666666], [0.0, 0.0, 1.0], [0.375, 0.625, 0.0], [0.46153846153846156, 0.5384615384615384, 0.0], [0.0, 1.0, 0.0], [0.6363636363636364, 0.07272727272727272, 0.2909090909090909], [0.4411764705882353, 0.11764705882352941, 0.4411764705882353], [0.125, 0.125, 0.75], [0.5384615384615384, 0.11538461538461539, 0.34615384615384615], [0.3888888888888889, 0.1111111111111111, 0.5], [0.875, 0.125, 0.0], [0.9523809523809523, 0.0, 0.047619047619047616], [1.0, 0.0, 0.0], [0.0, 0.0, 1.0], [0.6823529411764706, 0.12941176470588237, 0.18823529411764706], [0.4444444444444444, 0.25925925925925924, 0.2962962962962963], [0.5, 0.16666666666666666, 0.3333333333333333], [0.0, 0.5, 0.5], [0.6666666666666666, 0.05555555555555555, 0.2777777777777778], [0.0, 1.0, 0.0], [0.7931034482758621, 0.06896551724137931, 0.13793103448275862], [0.86, 0.08, 0.06], [0.8775510204081632, 0.08163265306122448, 0.04081632653061224], [0.9069767441860465, 0.046511627906976744, 0.046511627906976744], [0.9285714285714286, 0.023809523809523808, 0.047619047619047616], [0.9090909090909091, 0.030303030303030304, 0.06060606060606061], [0.896551724137931, 0.034482758620689655, 0.06896551724137931], [0.9285714285714286, 0.03571428571428571, 0.03571428571428571], [1.0, 0.0, 0.0], [0.7142857142857143, 0.14285714285714285, 0.14285714285714285], [0.0, 0.0, 1.0], [1.0, 0.0, 0.0], [1.0, 0.0, 0.0], [0.0, 1.0, 0.0], [0.6666666666666666, 0.3333333333333333, 0.0], [0.0, 0.0, 1.0], [0.375, 0.0, 0.625], [0.0, 0.0, 1.0]]}, {"node_count": 117, "children_left": [1, 2, 3, 4, 5, 6, 7, 8, 9, 10, 11, 12, 13, 14, 15, -1, -1, 18, -1, -1, -1, -1, -1, -1, -1, -1, -1, -1, -1, 30, 31, 32, 33, 34, 35, 36, 37, 38, 39, 40, -1, -1, -1, -1, -1, -1, -1, -1, -1, 50, 51, 52, -1, -1, -1, -1, -1, 58, 59, 60, -1, 62, 63, -1, -1, -1, -1, -1, 69, 70, 71, 72, 73, 74, 75, 76, 77, -1, 79, 80, 81, -1, -1, -1, -1, -1, -1, -1, -1, -1, -1, -1, -1, 94, 95, 96, 97, 98, 99, 100, 101, 102, 103, 104, -1, -1, -1, -1, -1, -1, -1, -1, -1, -1, -1, -1, -1], "children_right": [116, 93, 68, 29, 28, 27, 26, 25, 24, 23, 22, 21, 20, 17, 16, -1, -1, 19, -1, -1, -1, -1, -1, -1, -1, -1, -1, -1, -1, 57, 56, 49, 48, 47, 46, 45, 44, 43, 42, 41, -1, -1, -1, -1, -1, -1, -1, -1, -1, 55, 54, 53, -1, -1, -1, -1, -1, 67, 66, 61, -1, 65, 64, -1, -1, -1, -1, -1, 92, 91, 90, 89, 88, 87, 86, 85, 78, -1, 84, 83, 82, -1, -1, -1, -1, -1, -1, -1, -1, -1, -1, -1, -1, 115, 114, 113, 112, 111, 110, 109, 108, 107, 106, 105, -1, -1, -1, -1, -1, -1, -1, -1, -1, -1, -1, -1, -1], "feature": [32, 83, 15, 245, 159, 168, 1, 80, 119, 82, 241, 185, 155, 240, 205, -2, -2, 251, -2, -2, -2, -2, -2, -2, -2, -2, -2, -2, -2, 249, 24, 250, 91, 114, 162, 189, 217, 102, 58, 23, -2, -2, -2, -2, -2, -2, -2, -2, -2, 178, 97, 120, -2, -2, -2, -2, -2, 60, 232, 241, -2, 256, 253, -2, -2, -2, -2, -2, 61, 230, 50, 101, 10, 194, 169, 204, 243, -2, 154, 259, 99, -2, -2, -2, -2, -2, -2, -2, -2, -2, -2, -2, -2, 118, 59, 47, 251, 241, 8, 78, 83, 123, 13, 85, -2, -2, -2, -2, -2, -2, -2, -2, -2, -2, -2, -2, -2], "threshold": [0.5, 0.5, 0.5, 0.5, 0.5, 0.5, 0.5, 1.5, 0.5, 0.5, 3.5, 0.5, 0.5, 2.5, 0.5, -2.0, -2.0, 0.5, -2.0, -2.0, -2.0, -2.0, -2.0, -2.0, -2.0, -2.0, -2.0, -2.0, -2.0, 0.5, 0.5, 0.5, 0.5, 0.5, 1.5, 0.5, 0.5, 0.5, 0.5, 0.5, -2.0, -2.0, -2.0, -2.0, -2.0, -2.0, -2.0, -2.0, -2.0, 0.5, 1.5, 0.5, -2.0, -2.0, -2.0, -2.0, -2.0, 0.5, 0.5, 2.5, -2.0, 0.5, 0.5, -2.0, -2.0, -2.0, -2.0, -2.0, 0.5, 0.5, 0.5, 1.5, 0.5, 0.5, 0.5, 0.5, 1.5, -2.0, 0.5, 0.5, 0.5, -2.0, -2.0, -2.0, -2.0, -2.0, -2.0, -2.0, -2.0, -2.0, -2.0, -2.0, -2.0, 0.5, 0.5, 0.5, 0.5, 3.5, 0.5, 0.5, 1.5, 0.5, 0.5, 0.5, -2.0, -2.0, -2.0, -2.0, -2.0, -2.0, -2.0, -2.0, -2.0, -2.0, -2.0, -2.0, -2.0], "value": [[0.36395147313691506, 0.3119584055459272, 0.3240901213171577], [0.34545454545454546, 0.32, 0.33454545454545453], [0.3140877598152425, 0.3510392609699769, 0.3348729792147806], [0.2680965147453083, 0.3753351206434316, 0.35656836461126007], [0.27472527472527475, 0.25824175824175827, 0.46703296703296704], [0.23952095808383234, 0.2754491017964072, 0.48502994011976047], [0.22077922077922077, 0.2532467532467532, 0.525974025974026], [0.1875, 0.25, 0.5625], [0.1893939393939394, 0.22727272727272727, 0.5833333333333334], [0.20168067226890757, 0.25210084033613445, 0.5462184873949579], [0.12871287128712872, 0.2871287128712871, 0.5841584158415841], [0.07865168539325842, 0.3258426966292135, 0.5955056179775281], [0.08235294117647059, 0.29411764705882354, 0.6235294117647059], [0.060240963855421686, 0.30120481927710846, 0.6385542168674698], [0.0, 0.3, 0.7], [0.0, 0.32608695652173914, 0.6739130434782609], [0.0, 0.0, 1.0], [0.15151515151515152, 0.30303030303030304, 0.5454545454545454], [0.047619047619047616, 0.42857142857142855, 0.5238095238095238], [0.3333333333333333, 0.08333333333333333, 0.5833333333333334], [1.0, 0.0, 0.0], [0.0, 1.0, 0.0], [0.5, 0.0, 0.5], [0.6111111111111112, 0.05555555555555555, 0.3333333333333333], [0.07692307692307693, 0.0, 0.9230769230769231], [0.16666666666666666, 0.5, 0.3333333333333333], [0.7, 0.3, 0.0], [0.46153846153846156, 0.5384615384615384, 0.0], [0.6666666666666666, 0.06666666666666667, 0.26666666666666666], [0.2617801047120419, 0.4869109947643979, 0.2513089005235602], [0.144, 0.6, 0.256], [0.11304347826086956, 0.6086956521739131, 0.2782608695652174], [0.022988505747126436, 0.6551724137931034, 0.3218390804597701], [0.023809523809523808, 0.6785714285714286, 0.2976190476190476], [0.024390243902439025, 0.6951219512195121, 0.2804878048780488], [0.02564102564102564, 0.7307692307692307, 0.24358974358974358], [0.02631578947368421, 0.75, 0.2236842105263158], [0.0273972602739726, 0.7808219178082192, 0.1917808219178082], [0.027777777777777776, 0.7916666666666666, 0.18055555555555555], [0.0, 0.8142857142857143, 0.18571428571428572], [0.0, 0.8235294117647058, 0.17647058823529413], [0.0, 0.5, 0.5], [1.0, 0.0, 0.0], [0.0, 0.0, 1.0], [0.0, 0.0, 1.0], [0.0, 0.0, 1.0], [0.0, 0.0, 1.0], [0.0, 0.0, 1.0], [0.0, 0.0, 1.0], [0.39285714285714285, 0.4642857142857143, 0.14285714285714285], [0.45454545454545453, 0.36363636363636365, 0.18181818181818182], [0.5555555555555556, 0.3333333333333333, 0.1111111111111111], [0.42857142857142855, 0.42857142857142855, 0.14285714285714285], [1.0, 0.0, 0.0], [0.0, 0.5, 0.5], [0.16666666666666666, 0.8333333333333334, 0.0], [0.5, 0.5, 0.0], [0.48484848484848486, 0.2727272727272727, 0.24242424242424243], [0.5245901639344263, 0.29508196721311475, 0.18032786885245902], [0.5517241379310345, 0.25862068965517243, 0.1896551724137931], [0.11764705882352941, 0.5294117647058824, 0.35294117647058826], [0.7317073170731707, 0.14634146341463414, 0.12195121951219512], [0.8125, 0.0625, 0.125], [0.7647058823529411, 0.0, 0.23529411764705882], [0.8666666666666667, 0.13333333333333333, 0.0], [0.4444444444444444, 0.4444444444444444, 0.1111111111111111], [0.0, 1.0, 0.0], [0.0, 0.0, 1.0], [0.6, 0.2, 0.2], [0.6363636363636364, 0.14545454545454545, 0.21818181818181817], [0.660377358490566, 0.11320754716981132, 0.22641509433962265], [0.6862745098039216, 0.11764705882352941, 0.19607843137254902], [0.7083333333333334, 0.125, 0.16666666666666666], [0.7804878048780488, 0.12195121951219512, 0.0975609756097561], [0.8, 0.1, 0.1], [0.8235294117647058, 0.11764705882352941, 0.058823529411764705], [0.875, 0.0625, 0.0625], [0.0, 0.0, 1.0], [0.9032258064516129, 0.06451612903225806, 0.03225806451612903], [0.9333333333333333, 0.03333333333333333, 0.03333333333333333], [0.9642857142857143, 0.0, 0.03571428571428571], [1.0, 0.0, 0.0], [0.0, 0.0, 1.0], [0.5, 0.5, 0.0], [0.0, 1.0, 0.0], [0.0, 1.0, 0.0], [0.6666666666666666, 0.0, 0.3333333333333333], [0.0, 1.0, 0.0], [0.2857142857142857, 0.14285714285714285, 0.5714285714285714], [0.3333333333333333, 0.0, 0.6666666666666666], [0.0, 0.0, 1.0], [0.0, 1.0, 0.0], [0.2, 0.8, 0.0], [0.46153846153846156, 0.20512820512820512, 0.3333333333333333], [0.5047619047619047, 0.22857142857142856, 0.26666666666666666], [0.45263157894736844, 0.25263157894736843, 0.29473684210526313], [0.40229885057471265, 0.27586206896551724, 0.3218390804597701], [0.25396825396825395, 0.31746031746031744, 0.42857142857142855], [0.16326530612244897, 0.3877551020408163, 0.4489795918367347], [0.175, 0.275, 0.55], [0.2, 0.17142857142857143, 0.6285714285714286], [0.125, 0.1875, 0.6875], [0.13793103448275862, 0.10344827586206896, 0.7586206896551724], [0.1111111111111111, 0.07407407407407407, 0.8148148148148148], [0.15789473684210525, 0.10526315789473684, 0.7368421052631579], [0.0, 0.0, 1.0], [0.5, 0.5, 0.0], [0.0, 1.0, 0.0], [1.0, 0.0, 0.0], [0.0, 1.0, 0.0], [0.1111111111111111, 0.8888888888888888, 0.0], [0.5714285714285714, 0.07142857142857142, 0.35714285714285715], [0.7916666666666666, 0.16666666666666666, 0.041666666666666664], [1.0, 0.0, 0.0], [1.0, 0.0, 0.0], [0.08333333333333333, 0.0, 0.9166666666666666], [0.7407407407407407, 0.14814814814814814, 0.1111111111111111]]}, {"node_count": 107, "children_left": [1, 2, 3, 4, 5, 6, 7, 8, 9, 10, 11, 12, 13, 14, 15, -1, -1, -1, -1, -1, -1, -1, -1, -1, -1, 26, 27, 28, 29, 30, 31, 32, 33, 34, -1, -1, -1, -1, -1, -1, -1, 42, 43, -1, -1, -1, -1, -1, 49, -1, -1, -1, 53, 54, 55, 56, 57, -1, -1, -1, -1, -1, 63, 64, -1, -1, 67, -1, 69, 70, -1, -1, -1, 74, -1, 76, -1, 78, -1, 80, -1, -1, 83, 84, 85, 86, -1, -1, 89, 90, 91, 92, 93, 94, 95, 96, -1, -1, -1, -1, -1, -1, -1, -1, -1, -1, -1], "children_right": [82, 73, 52, 51, 48, 25, 24, 23, 22, 21, 20, 19, 18, 17, 16, -1, -1, -1, -1, -1, -1, -1, -1, -1, -1, 47, 46, 41, 40, 39, 38, 37, 36, 35, -1, -1, -1, -1, -1, -1, -1, 45, 44, -1, -1, -1, -1, -1, 50, -1, -1, -1, 62, 61, 60, 59, 58, -1, -1, -1, -1, -1, 66, 65, -1, -1, 68, -1, 72, 71, -1, -1, -1, 75, -1, 77, -1, 79, -1, 81, -1, -1, 106, 105, 88, 87, -1, -1, 104, 103, 102, 101, 100, 99, 98, 97, -1, -1, -1, -1, -1, -1, -1, -1, -1, -1, -1], "feature": [96, 15, 240, 4, 80, 245, 234, 179, 6, 104, 50, 19, 1, 226, 241, -2, -2, -2, -2, -2, -2, -2, -2, -2, -2, 226, 230, 160, 151, 85, 250, 249, 11, 135, -2, -2, -2, -2, -2, -2, -2, 242, 18, -2, -2, -2, -2, -2, 12, -2, -2, -2, 80, 55, 180, 143, 245, -2, -2, -2, -2, -2, 243, 164, -2, -2, 247, -2, 4, 90, -2, -2, -2, 240, -2, 241, -2, 250, -2, 246, -2, -2, 130, 59, 240, 161, -2, -2, 143, 81, 256, 135, 1, 4, 116, 102, -2, -2, -2, -2, -2, -2, -2, -2, -2, -2, -2], "threshold": [0.5, 0.5, 3.5, 0.5, 1.5, 0.5, 0.5, 0.5, 1.5, 0.5, 0.5, 0.5, 0.5, 0.5, 3.5, -2.0, -2.0, -2.0, -2.0, -2.0, -2.0, -2.0, -2.0, -2.0, -2.0, 0.5, 0.5, 0.5, 0.5, 1.0, 0.5, 0.5, 0.5, 0.5, -2.0, -2.0, -2.0, -2.0, -2.0, -2.0, -2.0, 3.5, 0.5, -2.0, -2.0, -2.0, -2.0, -2.0, 0.5, -2.0, -2.0, -2.0, 0.5, 0.5, 1.5, 0.5, 0.5, -2.0, -2.0, -2.0, -2.0, -2.0, 2.5, 0.5, -2.0, -2.0, 0.5, -2.0, 0.5, 0.5, -2.0, -2.0, -2.0, 2.5, -2.0, 1.5, -2.0, 0.5, -2.0, 0.5, -2.0, -2.0, 0.5, 0.5, 2.5, 0.5, -2.0, -2.0, 0.5, 0.5, 0.5, 0.5, 0.5, 0.5, 0.5, 0.5, -2.0, -2.0, -2.0, -2.0, -2.0, -2.0, -2.0, -2.0, -2.0, -2.0, -2.0], "value": [[0.3379549393414211, 0.3535528596187175, 0.30849220103986136], [0.2943820224719101, 0.39775280898876403, 0.30786516853932583], [0.23969072164948454, 0.43041237113402064, 0.32989690721649484], [0.11510791366906475, 0.4748201438848921, 0.41007194244604317], [0.12167300380228137, 0.5019011406844106, 0.376425855513308], [0.100418410041841, 0.49372384937238495, 0.40585774058577406], [0.1259259259259259, 0.3851851851851852, 0.4888888888888889], [0.13076923076923078, 0.4, 0.46923076923076923], [0.1349206349206349, 0.38095238095238093, 0.48412698412698413], [0.14049586776859505, 0.35537190082644626, 0.5041322314049587], [0.12605042016806722, 0.36134453781512604, 0.5126050420168067], [0.13636363636363635, 0.39090909090909093, 0.4727272727272727], [0.14150943396226415, 0.4056603773584906, 0.4528301886792453], [0.125, 0.41346153846153844, 0.46153846153846156], [0.1326530612244898, 0.4387755102040816, 0.42857142857142855], [0.04938271604938271, 0.5308641975308642, 0.41975308641975306], [0.5294117647058824, 0.0, 0.47058823529411764], [0.0, 0.0, 1.0], [1.0, 0.0, 0.0], [0.0, 0.0, 1.0], [0.0, 0.0, 1.0], [1.0, 0.0, 0.0], [0.0, 1.0, 0.0], [0.0, 1.0, 0.0], [0.0, 0.0, 1.0], [0.0673076923076923, 0.6346153846153846, 0.2980769230769231], [0.07216494845360824, 0.6701030927835051, 0.25773195876288657], [0.08045977011494253, 0.632183908045977, 0.28735632183908044], [0.05084745762711865, 0.7627118644067796, 0.1864406779661017], [0.05172413793103448, 0.7758620689655172, 0.1724137931034483], [0.03508771929824561, 0.7894736842105263, 0.17543859649122806], [0.023809523809523808, 0.8571428571428571, 0.11904761904761904], [0.029411764705882353, 0.8235294117647058, 0.14705882352941177], [0.03125, 0.875, 0.09375], [0.03225806451612903, 0.9032258064516129, 0.06451612903225806], [0.0, 0.0, 1.0], [0.0, 0.0, 1.0], [0.0, 1.0, 0.0], [0.06666666666666667, 0.6, 0.3333333333333333], [1.0, 0.0, 0.0], [0.0, 0.0, 1.0], [0.14285714285714285, 0.35714285714285715, 0.5], [0.18181818181818182, 0.45454545454545453, 0.36363636363636365], [0.1, 0.5, 0.4], [1.0, 0.0, 0.0], [0.0, 0.0, 1.0], [0.0, 1.0, 0.0], [0.0, 0.14285714285714285, 0.8571428571428571], [0.3333333333333333, 0.5833333333333334, 0.08333333333333333], [0.16666666666666666, 0.7222222222222222, 0.1111111111111111], [0.8333333333333334, 0.16666666666666666, 0.0], [0.0, 0.0, 1.0], [0.5545454545454546, 0.3181818181818182, 0.12727272727272726], [0.7391304347826086, 0.21739130434782608, 0.043478260869565216], [0.7555555555555555, 0.2222222222222222, 0.022222222222222223], [0.8095238095238095, 0.16666666666666666, 0.023809523809523808], [0.8292682926829268, 0.17073170731707318, 0.0], [1.0, 0.0, 0.0], [0.6111111111111112, 0.3888888888888889, 0.0], [0.0, 0.0, 1.0], [0.0, 1.0, 0.0], [0.0, 0.0, 1.0], [0.421875, 0.390625, 0.1875], [0.0, 0.8095238095238095, 0.19047619047619047], [0.0, 0.8888888888888888, 0.1111111111111111], [0.0, 0.3333333333333333, 0.6666666666666666], [0.627906976744186, 0.18604651162790697, 0.18604651162790697], [0.0, 0.375, 0.625], [0.7714285714285715, 0.14285714285714285, 0.08571428571428572], [0.7941176470588235, 0.14705882352941177, 0.058823529411764705], [0.8928571428571429, 0.03571428571428571, 0.07142857142857142], [0.3333333333333333, 0.6666666666666666, 0.0], [0.0, 0.0, 1.0], [0.6666666666666666, 0.17543859649122806, 0.15789473684210525], [0.21428571428571427, 0.2857142857142857, 0.5], [0.813953488372093, 0.13953488372093023, 0.046511627906976744], [0.0, 1.0, 0.0], [0.8536585365853658, 0.0975609756097561, 0.04878048780487805], [0.5, 0.3, 0.2], [0.967741935483871, 0.03225806451612903, 0.0], [0.9523809523809523, 0.047619047619047616, 0.0], [1.0, 0.0, 0.0], [0.48484848484848486, 0.20454545454545456, 0.3106060606060606], [0.5039370078740157, 0.2047244094488189, 0.29133858267716534], [0.44144144144144143, 0.23423423423423423, 0.32432432432432434], [0.12121212121212122, 0.42424242424242425, 0.45454545454545453], [0.15384615384615385, 0.3076923076923077, 0.5384615384615384], [0.0, 0.8571428571428571, 0.14285714285714285], [0.5769230769230769, 0.15384615384615385, 0.2692307692307692], [0.6081081081081081, 0.12162162162162163, 0.2702702702702703], [0.7017543859649122, 0.10526315789473684, 0.19298245614035087], [0.7954545454545454, 0.11363636363636363, 0.09090909090909091], [0.8333333333333334, 0.11904761904761904, 0.047619047619047616], [0.8888888888888888, 0.05555555555555555, 0.05555555555555555], [0.9142857142857143, 0.05714285714285714, 0.02857142857142857], [0.9354838709677419, 0.03225806451612903, 0.03225806451612903], [0.96, 0.0, 0.04], [0.8333333333333334, 0.16666666666666666, 0.0], [0.75, 0.25, 0.0], [0.0, 0.0, 1.0], [0.5, 0.5, 0.0], [0.0, 0.0, 1.0], [0.38461538461538464, 0.07692307692307693, 0.5384615384615384], [0.29411764705882354, 0.17647058823529413, 0.5294117647058824], [0.0, 0.75, 0.25], [0.9375, 0.0, 0.0625], [0.0, 0.2, 0.8]]}, {"node_count": 147, "children_left": [1, 2, 3, 4, 5, 6, 7, 8, 9, 10, 11, 12, 13, -1, -1, -1, -1, 18, 19, 20, -1, -1, -1, -1, -1, -1, -1, -1, 29, 30, 31, 32, 33, 34, 35, -1, -1, -1, -1, -1, 41, 42, 43, 44, -1, 46, 47, 48, -1, -1, -1, -1, -1, -1, -1, -1, 57, 58, 59, -1, 61, 62, 63, -1, -1, -1, -1, -1, -1, -1, 71, 72, 73, 74, 75, -1, -1, -1, 79, -1, 81, 82, 83, 84, -1, -1, -1, -1, -1, 90, 91, 92, 93, 94, 95, 96, 97, -1, -1, -1, -1, -1, -1, -1, -1, -1, -1, 108, 109, 110, 111, 112, 113, 114, 115, 116, 117, -1, -1, -1, -1, -1, -1, -1, -1, -1, -1, -1, 129, 130, 131, 132, 133, 134, 135, 136, 137, -1, -1, -1, -1, -1, -1, -1, -1, -1, -1], "children_right": [128, 107, 70, 69, 28, 27, 26, 25, 24, 17, 16, 15, 14, -1, -1, -1, -1, 23, 22, 21, -1, -1, -1, -1, -1, -1, -1, -1, 56, 55, 40, 39, 38, 37, 36, -1, -1, -1, -1, -1, 54, 53, 52, 45, -1, 51, 50, 49, -1, -1, -1, -1, -1, -1, -1, -1, 68, 67, 60, -1, 66, 65, 64, -1, -1, -1, -1, -1, -1, -1, 106, 89, 78, 77, 76, -1, -1, -1, 80, -1, 88, 87, 86, 85, -1, -1, -1, -1, -1, 105, 104, 103, 102, 101, 100, 99, 98, -1, -1, -1, -1, -1, -1, -1, -1, -1, -1, 127, 126, 125, 124, 123, 122, 121, 120, 119, 118, -1, -1, -1, -1, -1, -1, -1, -1, -1, -1, -1, 146, 145, 144, 143, 142, 141, 140, 139, 138, -1, -1, -1, -1, -1, -1, -1, -1, -1, -1], "feature": [10, 161, 245, 152, 240, 242, 175, 78, 6, 160, 254, 23, 106, -2, -2, -2, -2, 164, 113, 242, -2, -2, -2, -2, -2, -2, -2, -2, 83, 201, 250, 39, 167, 30, 251, -2, -2, -2, -2, -2, 148, 165, 95, 241, -2, 160, 24, 194, -2, -2, -2, -2, -2, -2, -2, -2, 165, 255, 247, -2, 242, 229, 243, -2, -2, -2, -2, -2, -2, -2, 13, 250, 243, 202, 182, -2, -2, -2, 242, -2, 58, 56, 54, 242, -2, -2, -2, -2, -2, 258, 52, 76, 120, 140, 151, 202, 1, -2, -2, -2, -2, -2, -2, -2, -2, -2, -2, 142, 4, 217, 59, 72, 105, 26, 32, 224, 247, -2, -2, -2, -2, -2, -2, -2, -2, -2, -2, -2, 248, 250, 164, 81, 85, 30, 187, 50, 240, -2, -2, -2, -2, -2, -2, -2, -2, -2, -2], "threshold": [0.5, 0.5, 0.5, 0.5, 2.5, 4.5, 0.5, 0.5, 1.5, 0.5, 0.5, 0.5, 0.5, -2.0, -2.0, -2.0, -2.0, 0.5, 0.5, 1.5, -2.0, -2.0, -2.0, -2.0, -2.0, -2.0, -2.0, -2.0, 0.5, 0.5, 0.5, 0.5, 1.5, 0.5, 0.5, -2.0, -2.0, -2.0, -2.0, -2.0, 1.0, 1.5, 0.5, 2.5, -2.0, 0.5, 0.5, 0.5, -2.0, -2.0, -2.0, -2.0, -2.0, -2.0, -2.0, -2.0, 1.5, 0.5, 0.5, -2.0, 4.5, 0.5, 1.5, -2.0, -2.0, -2.0, -2.0, -2.0, -2.0, -2.0, 0.5, 0.5, 2.5, 0.5, 0.5, -2.0, -2.0, -2.0, 1.5, -2.0, 0.5, 0.5, 0.5, 3.5, -2.0, -2.0, -2.0, -2.0, -2.0, 0.5, 0.5, 0.5, 0.5, 0.5, 0.5, 0.5, 0.5, -2.0, -2.0, -2.0, -2.0, -2.0, -2.0, -2.0, -2.0, -2.0, -2.0, 0.5, 0.5, 0.5, 0.5, 0.5, 0.5, 0.5, 0.5, 0.5, 0.5, -2.0, -2.0, -2.0, -2.0, -2.0, -2.0, -2.0, -2.0, -2.0, -2.0, -2.0, 0.5, 0.5, 0.5, 0.5, 0.5, 0.5, 0.5, 0.5, 1.5, -2.0, -2.0, -2.0, -2.0, -2.0, -2.0, -2.0, -2.0, -2.0, -2.0], "value": [[0.30155979202772965, 0.35181975736568455, 0.3466204506065858], [0.3497854077253219, 0.3261802575107296, 0.3240343347639485], [0.3894736842105263, 0.25263157894736843, 0.35789473684210527], [0.38235294117647056, 0.18487394957983194, 0.4327731092436975], [0.3672566371681416, 0.17699115044247787, 0.4557522123893805], [0.08333333333333333, 0.19047619047619047, 0.7261904761904762], [0.0875, 0.15, 0.7625], [0.05405405405405406, 0.16216216216216217, 0.7837837837837838], [0.029850746268656716, 0.14925373134328357, 0.8208955223880597], [0.030303030303030304, 0.13636363636363635, 0.8333333333333334], [0.023255813953488372, 0.046511627906976744, 0.9302325581395349], [0.037037037037037035, 0.07407407407407407, 0.8888888888888888], [0.0, 0.07692307692307693, 0.9230769230769231], [0.0, 0.09090909090909091, 0.9090909090909091], [0.0, 0.0, 1.0], [1.0, 0.0, 0.0], [0.0, 0.0, 1.0], [0.043478260869565216, 0.30434782608695654, 0.6521739130434783], [0.047619047619047616, 0.23809523809523808, 0.7142857142857143], [0.05, 0.2, 0.75], [0.25, 0.5, 0.25], [0.0, 0.125, 0.875], [0.0, 1.0, 0.0], [0.0, 1.0, 0.0], [0.0, 1.0, 0.0], [0.2857142857142857, 0.2857142857142857, 0.42857142857142855], [0.5, 0.0, 0.5], [0.0, 1.0, 0.0], [0.5352112676056338, 0.16901408450704225, 0.29577464788732394], [0.44660194174757284, 0.1650485436893204, 0.3883495145631068], [0.46, 0.14, 0.4], [0.14705882352941177, 0.20588235294117646, 0.6470588235294118], [0.15625, 0.15625, 0.6875], [0.16129032258064516, 0.12903225806451613, 0.7096774193548387], [0.1724137931034483, 0.13793103448275862, 0.6896551724137931], [0.05555555555555555, 0.1111111111111111, 0.8333333333333334], [0.36363636363636365, 0.18181818181818182, 0.45454545454545453], [0.0, 0.0, 1.0], [0.0, 1.0, 0.0], [0.0, 1.0, 0.0], [0.6212121212121212, 0.10606060606060606, 0.2727272727272727], [0.6507936507936508, 0.1111111111111111, 0.23809523809523808], [0.6721311475409836, 0.11475409836065574, 0.21311475409836064], [0.7090909090909091, 0.12727272727272726, 0.16363636363636364], [0.45454545454545453, 0.09090909090909091, 0.45454545454545453], [0.7727272727272727, 0.13636363636363635, 0.09090909090909091], [0.8285714285714286, 0.11428571428571428, 0.05714285714285714], [0.875, 0.0625, 0.0625], [0.9032258064516129, 0.06451612903225806, 0.03225806451612903], [0.0, 0.0, 1.0], [0.3333333333333333, 0.6666666666666666, 0.0], [0.5555555555555556, 0.2222222222222222, 0.2222222222222222], [0.3333333333333333, 0.0, 0.6666666666666666], [0.0, 0.0, 1.0], [0.0, 0.0, 1.0], [0.0, 1.0, 0.0], [0.7692307692307693, 0.1794871794871795, 0.05128205128205128], [0.8108108108108109, 0.13513513513513514, 0.05405405405405406], [0.875, 0.09375, 0.03125], [0.0, 1.0, 0.0], [0.9032258064516129, 0.06451612903225806, 0.03225806451612903], [0.9333333333333333, 0.06666666666666667, 0.0], [0.96, 0.04, 0.0], [0.0, 1.0, 0.0], [1.0, 0.0, 0.0], [0.8, 0.2, 0.0], [0.0, 0.0, 1.0], [0.4, 0.4, 0.2], [0.0, 1.0, 0.0], [0.6666666666666666, 0.3333333333333333, 0.0], [0.4014084507042254, 0.36619718309859156, 0.2323943661971831], [0.41732283464566927, 0.4094488188976378, 0.1732283464566929], [0.16666666666666666, 0.5833333333333334, 0.25], [0.05, 0.85, 0.1], [0.0, 0.8947368421052632, 0.10526315789473684], [0.0, 0.9444444444444444, 0.05555555555555555], [0.0, 0.0, 1.0], [1.0, 0.0, 0.0], [0.225, 0.45, 0.325], [0.0, 1.0, 0.0], [0.3103448275862069, 0.2413793103448276, 0.4482758620689655], [0.25925925925925924, 0.25925925925925924, 0.48148148148148145], [0.2, 0.28, 0.52], [0.13043478260869565, 0.30434782608695654, 0.5652173913043478], [0.08333333333333333, 0.5, 0.4166666666666667], [0.18181818181818182, 0.09090909090909091, 0.7272727272727273], [1.0, 0.0, 0.0], [1.0, 0.0, 0.0], [1.0, 0.0, 0.0], [0.6417910447761194, 0.2537313432835821, 0.1044776119402985], [0.7068965517241379, 0.1724137931034483, 0.1206896551724138], [0.7192982456140351, 0.15789473684210525, 0.12280701754385964], [0.75, 0.11538461538461539, 0.1346153846153846], [0.813953488372093, 0.023255813953488372, 0.16279069767441862], [0.875, 0.0, 0.125], [0.8974358974358975, 0.0, 0.10256410256410256], [0.9375, 0.0, 0.0625], [0.8947368421052632, 0.0, 0.10526315789473684], [1.0, 0.0, 0.0], [0.7142857142857143, 0.0, 0.2857142857142857], [0.0, 0.0, 1.0], [0.0, 0.3333333333333333, 0.6666666666666666], [0.4444444444444444, 0.5555555555555556, 0.0], [0.4, 0.6, 0.0], [0.0, 1.0, 0.0], [0.2222222222222222, 0.7777777777777778, 0.0], [0.26666666666666666, 0.0, 0.7333333333333333], [0.1744186046511628, 0.6511627906976745, 0.1744186046511628], [0.16049382716049382, 0.691358024691358, 0.14814814814814814], [0.16, 0.7466666666666667, 0.09333333333333334], [0.136986301369863, 0.7671232876712328, 0.0958904109589041], [0.1388888888888889, 0.7777777777777778, 0.08333333333333333], [0.11594202898550725, 0.7971014492753623, 0.08695652173913043], [0.07692307692307693, 0.8461538461538461, 0.07692307692307693], [0.0625, 0.859375, 0.078125], [0.03225806451612903, 0.8870967741935484, 0.08064516129032258], [0.0, 0.9736842105263158, 0.02631578947368421], [0.0, 1.0, 0.0], [0.0, 0.8571428571428571, 0.14285714285714285], [0.08333333333333333, 0.75, 0.16666666666666666], [1.0, 0.0, 0.0], [1.0, 0.0, 0.0], [0.75, 0.0, 0.25], [0.6666666666666666, 0.3333333333333333, 0.0], [0.0, 0.0, 1.0], [1.0, 0.0, 0.0], [0.16666666666666666, 0.0, 0.8333333333333334], [0.4, 0.0, 0.6], [0.0990990990990991, 0.4594594594594595, 0.44144144144144143], [0.10588235294117647, 0.5411764705882353, 0.35294117647058826], [0.014084507042253521, 0.6338028169014085, 0.352112676056338], [0.018518518518518517, 0.7222222222222222, 0.25925925925925924], [0.0, 0.6585365853658537, 0.34146341463414637], [0.0, 0.5882352941176471, 0.4117647058823529], [0.0, 0.5625, 0.4375], [0.0, 0.48148148148148145, 0.5185185185185185], [0.0, 0.5416666666666666, 0.4583333333333333], [0.0, 0.375, 0.625], [0.0, 0.875, 0.125], [0.0, 0.0, 1.0], [0.0, 1.0, 0.0], [0.0, 1.0, 0.0], [0.0, 1.0, 0.0], [0.07692307692307693, 0.9230769230769231, 0.0], [0.0, 0.35294117647058826, 0.6470588235294118], [0.5714285714285714, 0.07142857142857142, 0.35714285714285715], [0.07692307692307693, 0.19230769230769232, 0.7307692307692307]]}, {"node_count": 133, "children_left": [1, 2, 3, 4, 5, 6, 7, 8, 9, 10, 11, 12, 13, 14, 15, -1, -1, -1, -1, -1, -1, 22, 23, -1, -1, -1, -1, -1, -1, -1, -1, 32, 33, 34, 35, 36, 37, 38, -1, -1, -1, -1, -1, -1, -1, -1, -1, 48, 49, 50, 51, 52, 53, 54, 55, 56, 57, -1, -1, -1, -1, -1, -1, -1, -1, -1, -1, -1, 69, 70, 71, 72, 73, 74, 75, 76, 77, 78, 79, 80, 81, -1, -1, -1, -1, -1, -1, -1, 89, 90, 91, 92, -1, 94, 95, 96, -1, -1, -1, -1, 101, -1, -1, -1, -1, -1, -1, 108, 109, -1, 111, 112, -1, -1, -1, -1, -1, 118, 119, -1, 121, 122, -1, -1, -1, 126, 127, 128, -1, -1, -1, -1, -1], "children_right": [68, 47, 46, 31, 30, 29, 28, 27, 26, 21, 20, 19, 18, 17, 16, -1, -1, -1, -1, -1, -1, 25, 24, -1, -1, -1, -1, -1, -1, -1, -1, 45, 44, 43, 42, 41, 40, 39, -1, -1, -1, -1, -1, -1, -1, -1, -1, 67, 66, 65, 64, 63, 62, 61, 60, 59, 58, -1, -1, -1, -1, -1, -1, -1, -1, -1, -1, -1, 132, 117, 116, 107, 106, 105, 88, 87, 86, 85, 84, 83, 82, -1, -1, -1, -1, -1, -1, -1, 104, 103, 100, 93, -1, 99, 98, 97, -1, -1, -1, -1, 102, -1, -1, -1, -1, -1, -1, 115, 110, -1, 114, 113, -1, -1, -1, -1, -1, 125, 120, -1, 124, 123, -1, -1, -1, 131, 130, 129, -1, -1, -1, -1, -1], "feature": [247, 249, 19, 161, 83, 170, 186, 1, 13, 80, 41, 121, 85, 246, 86, -2, -2, -2, -2, -2, -2, 251, 162, -2, -2, -2, -2, -2, -2, -2, -2, 119, 33, 153, 105, 11, 161, 242, -2, -2, -2, -2, -2, -2, -2, -2, -2, 161, 244, 241, 217, 170, 206, 187, 164, 24, 253, -2, -2, -2, -2, -2, -2, -2, -2, -2, -2, -2, 