{"n_estimators": 150, "n_features": 260, "trees": [{"node_count": 95, "children_left": [1, 2, 3, 4, 5, 6, 7, 8, 9, 10, -1, -1, -1, -1, -1, 16, -1, -1, -1, 20, 21, 22, 23, 24, 25, -1, -1, -1, -1, -1, -1, -1, 33, 34, 35, 36, -1, -1, 39, 40, 41, -1, -1, -1, -1, -1, -1, 48, 49, 50, 51, 52, 53, 54, -1, 56, -1, -1, -1, -1, -1, -1, -1, -1, 65, 66, 67, 68, 69, 70, 71, 72, 73, -1, -1, -1, -1, -1, -1, -1, -1, 82, 83, 84, 85, -1, 87, -1, -1, -1, -1, -1, 93, -1, -1], "children_right": [64, 47, 32, 19, 18, 15, 14, 13, 12, 11, -1, -1, -1, -1, -1, 17, -1, -1, -1, 31, 30, 29, 28, 27, 26, -1, -1, -1, -1, -1, -1, -1, 46, 45, 38, 37, -1, -1, 44, 43, 42, -1, -1, -1, -1, -1, -1, 63, 62, 61, 60, 59, 58, 55, -1, 57, -1, -1, -1, -1, -1, -1, -1, -1, 92, 81, 80, 79, 78, 77, 76, 75, 74, -1, -1, -1, -1, -1, -1, -1, -1, 91, 90, 89, 86, -1, 88, -1, -1, -1, -1, -1, 94, -1, -1], "feature": [254, 175, 250, 245, 224, 256, 173, 92, 84, 255, -2, -2, -2, -2, -2, 136, -2, -2, -2, 94, 38, 4, 93, 158, 85, -2, -2, -2, -2, -2, -2, -2, 147, 202, 160, 251, -2, -2, 4, 106, 80, -2, -2, -2, -2, -2, -2, 42, 129, 116, 34, 110, 9, 242, -2, 240, -2, -2, -2, -2, -2, -2, -2, -2, 101, 3, 34, 45, 199, 95, 4, 100, 244, -2, -2, -2, -2, -2, -2, -2, -2, 32, 181, 184, 87, -2, 29, -2, -2, -2, -2, -2, 3, -2, -2], "threshold": [0.5, 0.5, 0.5, 0.5, 0.5, 0.5, 0.5, 0.5, 0.5, 0.5, -2.0, -2.0, -2.0, -2.0, -2.0, 0.5, -2.0, -2.0, -2.0, 0.5, 0.5, 1.5, 0.5, 0.5, 1.5, -2.0, -2.0, -2.0, -2.0, -2.0, -2.0, -2.0, 0.5, 0.5, 0.5, 0.5, -2.0, -2.0, 1.5, 1.5, 0.5, -2.0, -2.0, -2.0, -2.0, -2.0, -2.0, 0.5, 0.5, 0.5, 0.5, 0.5, 0.5, 2.5, -2.0, 3.5, -2.0, -2.0, -2.0, -2.0, -2.0, -2.0, -2.0, -2.0, 0.5, 0.5, 0.5, 0.5, 0.5, 0.5, 0.5, 0.5, 0.5, -2.0, -2.0, -2.0, -2.0, -2.0, -2.0, -2.0, -2.0, 0.5, 0.5, 0.5, 0.5, -2.0, 0.5, -2.0, -2.0, -2.0, -2.0, -2.0, 0.5, -2.0, -2.0], "value": [[0.3211805555555556, 0.3645833333333333, 0.3142361111111111], [0.21937321937321938, 0.46153846153846156, 0.3190883190883191], [0.2332155477031802, 0.40636042402826855, 0.36042402826855124], [0.11290322580645161, 0.478494623655914, 0.40860215053763443], [0.14285714285714285, 0.30952380952380953, 0.5476190476190477], [0.09333333333333334, 0.3333333333333333, 0.5733333333333334], [0.06382978723404255, 0.2127659574468085, 0.723404255319149], [0.02857142857142857, 0.2857142857142857, 0.6857142857142857], [0.03333333333333333, 0.23333333333333334, 0.7333333333333333], [0.04, 0.28, 0.68], [0.047619047619047616, 0.23809523809523808, 0.7142857142857143], [0.0, 0.5, 0.5], [0.0, 0.0, 1.0], [0.0, 0.6, 0.4], [0.16666666666666666, 0.0, 0.8333333333333334], [0.14285714285714285, 0.5357142857142857, 0.32142857142857145], [0.041666666666666664, 0.625, 0.3333333333333333], [0.75, 0.0, 0.25], [0.5555555555555556, 0.1111111111111111, 0.3333333333333333], [0.08823529411764706, 0.6176470588235294, 0.29411764705882354], [0.1125, 0.6625, 0.225], [0.11688311688311688, 0.6883116883116883, 0.19480519480519481], [0.14285714285714285, 0.6190476190476191, 0.23809523809523808], [0.14545454545454545, 0.6727272727272727, 0.18181818181818182], [0.11320754716981132, 0.6981132075471698, 0.18867924528301888], [0.06, 0.74, 0.2], [1.0, 0.0, 0.0], [1.0, 0.0, 0.0], [0.125, 0.25, 0.625], [0.0, 1.0, 0.0], [0.0, 0.0, 1.0], [0.0, 0.45454545454545453, 0.5454545454545454], [0.4639175257731959, 0.26804123711340205, 0.26804123711340205], [0.5057471264367817, 0.20689655172413793, 0.28735632183908044], [0.42857142857142855, 0.22857142857142856, 0.34285714285714286], [0.18518518518518517, 0.37037037037037035, 0.4444444444444444], [0.047619047619047616, 0.47619047619047616, 0.47619047619047616], [0.6666666666666666, 0.0, 0.3333333333333333], [0.5813953488372093, 0.13953488372093023, 0.27906976744186046], [0.6857142857142857, 0.14285714285714285, 0.17142857142857143], [0.7666666666666667, 0.06666666666666667, 0.16666666666666666], [0.4, 0.1, 0.5], [0.95, 0.05, 0.0], [0.2, 0.6, 0.2], [0.125, 0.125, 0.75], [0.8235294117647058, 0.11764705882352941, 0.058823529411764705], [0.1, 0.8, 0.1], [0.16176470588235295, 0.6911764705882353, 0.14705882352941177], [0.125, 0.71875, 0.15625], [0.06, 0.78, 0.16], [0.06382978723404255, 0.8085106382978723, 0.1276595744680851], [0.06818181818181818, 0.8636363636363636, 0.06818181818181818], [0.047619047619047616, 0.8809523809523809, 0.07142857142857142], [0.0, 0.9032258064516129, 0.0967741935483871], [0.0, 0.7777777777777778, 0.2222222222222222], [0.0, 0.9545454545454546, 0.045454545454545456], [0.0, 1.0, 0.0], [0.0, 0.875, 0.125], [0.18181818181818182, 0.8181818181818182, 0.0], [0.5, 0.5, 0.0], [0.0, 0.0, 1.0], [0.0, 0.3333333333333333, 0.6666666666666666], [0.35714285714285715, 0.5, 0.14285714285714285], [0.75, 0.25, 0.0], [0.48, 0.21333333333333335, 0.30666666666666664], [0.5282051282051282, 0.20512820512820512, 0.26666666666666666], [0.37037037037037035, 0.2962962962962963, 0.3333333333333333], [0.4166666666666667, 0.3333333333333333, 0.25], [0.3116883116883117, 0.4025974025974026, 0.2857142857142857], [0.3287671232876712, 0.3698630136986301, 0.3013698630136986], [0.38333333333333336, 0.25, 0.36666666666666664], [0.41025641025641024, 0.38461538461538464, 0.20512820512820512], [0.3333333333333333, 0.45454545454545453, 0.21212121212121213], [0.4230769230769231, 0.3076923076923077, 0.2692307692307692], [0.0, 1.0, 0.0], [0.8333333333333334, 0.0, 0.16666666666666666], [0.3333333333333333, 0.0, 0.6666666666666666], [0.07692307692307693, 0.9230769230769231, 0.0], [0.0, 1.0, 0.0], [0.8421052631578947, 0.05263157894736842, 0.10526315789473684], [0.0, 0.0, 1.0], [0.7241379310344828, 0.09195402298850575, 0.1839080459770115], [0.7922077922077922, 0.06493506493506493, 0.14285714285714285], [0.8285714285714286, 0.04285714285714286, 0.12857142857142856], [0.8833333333333333, 0.05, 0.06666666666666667], [0.75, 0.1, 0.15], [0.95, 0.025, 0.025], [1.0, 0.0, 0.0], [0.6, 0.2, 0.2], [0.5, 0.0, 0.5], [0.42857142857142855, 0.2857142857142857, 0.2857142857142857], [0.2, 0.3, 0.5], [0.16666666666666666, 0.26666666666666666, 0.5666666666666667], [0.15789473684210525, 0.42105263157894735, 0.42105263157894735], [0.18181818181818182, 0.0, 0.8181818181818182]]}, {"node_count": 87, "children_left": [1, 2, 3, 4, 5, 6, 7, 8, 9, 10, -1, -1, -1, -1, -1, -1, 17, 18, 19, 20, -1, -1, -1, -1, -1, 26, 27, 28, -1, -1, -1, 32, -1, 34, 35, -1, -1, -1, 39, -1, -1, 42, 43, 44, 45, 46, 47, 48, 49, -1, -1, -1, -1, -1, 55, -1, -1, -1, 59, -1, -1, 62, 63, 64, -1, 66, 67, -1, -1, -1, -1, 72, -1, -1, 75, 76, 77, 78, 79, 80, -1, -1, -1, -1, -1, -1, -1], "children_right": [74, 41, 38, 25, 16, 15, 14, 13, 12, 11, -1, -1, -1, -1, -1, -1, 24, 23, 22, 21, -1, -1, -1, -1, -1, 31, 30, 29, -1, -1, -1, 33, -1, 37, 36, -1, -1, -1, 40, -1, -1, 61, 58, 57, 54, 53, 52, 51, 50, -1, -1, -1, -1, -1, 56, -1, -1, -1, 60, -1, -1, 71, 70, 65, -1, 69, 68, -1, -1, -1, -1, 73, -1, -1, 86, 85, 84, 83, 82, 81, -1, -1, -1, -1, -1, -1, -1], "feature": [212, 160, 158, 248, 250, 175, 28, 180, 242, 243, -2, -2, -2, -2, -2, -2, 28, 13, 163, 67, -2, -2, -2, -2, -2, 80, 240, 124, -2, -2, -2, 87, -2, 256, 137, -2, -2, -2, 250, -2, -2, 7, 203, 34, 110, 240, 254, 178, 256, -2, -2, -2, -2, -2, 246, -2, -2, -2, 173, -2, -2, 246, 217, 241, -2, 234, 173, -2, -2, -2, -2, 108, -2, -2, 220, 177, 251, 11, 13, 0, -2, -2, -2, -2, -2, -2, -2], "threshold": [0.5, 1.5, 0.5, 0.5, 0.5, 0.5, 0.5, 0.5, 3.5, 2.5, -2.0, -2.0, -2.0, -2.0, -2.0, -2.0, 0.5, 0.5, 0.5, 0.5, -2.0, -2.0, -2.0, -2.0, -2.0, 0.5, 3.5, 0.5, -2.0, -2.0, -2.0, 0.5, -2.0, 0.5, 0.5, -2.0, -2.0, -2.0, 0.5, -2.0, -2.0, 0.5, 0.5, 0.5, 0.5, 4.5, 0.5, 0.5, 0.5, -2.0, -2.0, -2.0, -2.0, -2.0, 0.5, -2.0, -2.0, -2.0, 0.5, -2.0, -2.0, 0.5, 0.5, 2.5, -2.0, 0.5, 0.5, -2.0, -2.0, -2.0, -2.0, 0.5, -2.0, -2.0, 0.5, 1.5, 0.5, 0.5, 0.5, 0.5, -2.0, -2.0, -2.0, -2.0, -2.0, -2.0, -2.0], "value": [[0.3298611111111111, 0.3368055555555556, 0.3333333333333333], [0.3540856031128405, 0.31712062256809337, 0.32879377431906615], [0.29180327868852457, 0.29508196721311475, 0.4131147540983607], [0.24087591240875914, 0.31386861313868614, 0.44525547445255476], [0.18681318681318682, 0.35714285714285715, 0.45604395604395603], [0.06299212598425197, 0.44881889763779526, 0.4881889763779528], [0.07692307692307693, 0.3942307692307692, 0.5288461538461539], [0.08080808080808081, 0.41414141414141414, 0.5050505050505051], [0.09090909090909091, 0.4659090909090909, 0.4431818181818182], [0.0945945945945946, 0.5540540540540541, 0.35135135135135137], [0.0, 0.6666666666666666, 0.3333333333333333], [0.21875, 0.40625, 0.375], [0.07142857142857142, 0.0, 0.9285714285714286], [0.0, 0.0, 1.0], [0.0, 0.0, 1.0], [0.0, 0.6956521739130435, 0.30434782608695654], [0.4727272727272727, 0.14545454545454545, 0.38181818181818183], [0.5531914893617021, 0.1276595744680851, 0.3191489361702128], [0.4166666666666667, 0.16666666666666666, 0.4166666666666667], [0.24, 0.2, 0.56], [0.17391304347826086, 0.21739130434782608, 0.6086956521739131], [1.0, 0.0, 0.0], [0.8181818181818182, 0.09090909090909091, 0.09090909090909091], [1.0, 0.0, 0.0], [0.0, 0.25, 0.75], [0.34782608695652173, 0.22826086956521738, 0.42391304347826086], [0.20454545454545456, 0.2727272727272727, 0.5227272727272727], [0.0, 0.23076923076923078, 0.7692307692307693], [0.0, 0.10526315789473684, 0.8947368421052632], [0.0, 0.5714285714285714, 0.42857142857142855], [0.5, 0.3333333333333333, 0.16666666666666666], [0.4791666666666667, 0.1875, 0.3333333333333333], [0.05555555555555555, 0.3333333333333333, 0.6111111111111112], [0.7333333333333333, 0.1, 0.16666666666666666], [0.8461538461538461, 0.11538461538461539, 0.038461538461538464], [0.9, 0.05, 0.05], [0.6666666666666666, 0.3333333333333333, 0.0], [0.0, 0.0, 1.0], [0.7419354838709677, 0.12903225806451613, 0.12903225806451613], [0.46153846153846156, 0.3076923076923077, 0.23076923076923078], [0.9444444444444444, 0.0, 0.05555555555555555], [0.4449760765550239, 0.3492822966507177, 0.20574162679425836], [0.37142857142857144, 0.4357142857142857, 0.19285714285714287], [0.2956521739130435, 0.4956521739130435, 0.20869565217391303], [0.3177570093457944, 0.5327102803738317, 0.14953271028037382], [0.23809523809523808, 0.6071428571428571, 0.15476190476190477], [0.20253164556962025, 0.6455696202531646, 0.1518987341772152], [0.125, 0.734375, 0.140625], [0.14, 0.82, 0.04], [0.2692307692307692, 0.6923076923076923, 0.038461538461538464], [0.0, 0.9583333333333334, 0.041666666666666664], [0.07142857142857142, 0.42857142857142855, 0.5], [0.5333333333333333, 0.26666666666666666, 0.2], [0.8, 0.0, 0.2], [0.6086956521739131, 0.2608695652173913, 0.13043478260869565], [0.4666666666666667, 0.4, 0.13333333333333333], [0.875, 0.0, 0.125], [0.0, 0.0, 1.0], [0.72, 0.16, 0.12], [0.8333333333333334, 0.0, 0.16666666666666666], [0.6153846153846154, 0.3076923076923077, 0.07692307692307693], [0.5942028985507246, 0.17391304347826086, 0.2318840579710145], [0.7560975609756098, 0.07317073170731707, 0.17073170731707318], [0.7837837837837838, 0.02702702702702703, 0.1891891891891892], [0.5714285714285714, 0.0, 0.42857142857142855], [0.8333333333333334, 0.03333333333333333, 0.13333333333333333], [0.8888888888888888, 0.037037037037037035, 0.07407407407407407], [1.0, 0.0, 0.0], [0.6666666666666666, 0.1111111111111111, 0.2222222222222222], [0.3333333333333333, 0.0, 0.6666666666666666], [0.5, 0.5, 0.0], [0.35714285714285715, 0.32142857142857145, 0.32142857142857145], [0.25, 0.6666666666666666, 0.08333333333333333], [0.4375, 0.0625, 0.5], [0.12903225806451613, 0.5, 0.3709677419354839], [0.13559322033898305, 0.5254237288135594, 0.3389830508474576], [0.14583333333333334, 0.5833333333333334, 0.2708333333333333], [0.030303030303030304, 0.6666666666666666, 0.30303030303030304], [0.034482758620689655, 0.7241379310344828, 0.2413793103448276], [0.0, 0.7777777777777778, 0.2222222222222222], [0.0, 0.9166666666666666, 0.08333333333333333], [0.0, 0.6666666666666666, 0.3333333333333333], [0.5, 0.0, 0.5], [0.0, 0.25, 0.75], [0.4, 0.4, 0.2], [0.09090909090909091, 0.2727272727272727, 0.6363636363636364], [0.0, 0.0, 1.0]]}, {"node_count": 93, "children_left": [1, 2, 3, 4, 5, 6, 7, 8, 9, 10, -1, -1, -1, -1, -1, -1, 17, 18, 19, 20, 21, -1, -1, -1, -1, -1, -1, -1, -1, 30, 31, 32, 33, -1, -1, -1, -1, 38, 39, 40, 41, 42, -1, -1, -1, -1, -1, -1, 49, 50, 51, 52, 53, 54, 55, 56, -1, -1, -1, -1, 61, 62, 63, -1, -1, -1, -1, -1, -1, 70, -1, 72, -1, -1, 75, 76, 77, 78, -1, -1, -1, -1, 83, 84, -1, 86, -1, 88, 89, -1, -1, -1, -1], "children_right": [48, 29, 28, 27, 16, 15, 14, 13, 12, 11, -1, -1, -1, -1, -1, -1, 26, 25, 24, 23, 22, -1, -1, -1, -1, -1, -1, -1, -1, 37, 36, 35, 34, -1, -1, -1, -1, 47, 46, 45, 44, 43, -1, -1, -1, -1, -1, -1, 74, 69, 68, 67, 60, 59, 58, 57, -1, -1, -1, -1, 66, 65, 64, -1, -1, -1, -1, -1, -1, 71, -1, 73, -1, -1, 82, 81, 80, 79, -1, -1, -1, -1, 92, 85, -1, 87, -1, 91, 90, -1, -1, -1, -1], "feature": [245, 160, 15, 57, 247, 169, 167, 172, 83, 171, -2, -2, -2, -2, -2, -2, 140, 246, 3, 148, 258, -2, -2, -2, -2, -2, -2, -2, -2, 243, 52, 103, 90, -2, -2, -2, -2, 173, 111, 241, 116, 250, -2, -2, -2, -2, -2, -2, 250, 249, 4, 247, 162, 57, 8, 84, -2, -2, -2, -2, 161, 3, 83, -2, -2, -2, -2, -2, -2, 241, -2, 46, -2, -2, 6, 59, 241, 110, -2, -2, -2, -2, 137, 240, -2, 247, -2, 118, 87, -2, -2, -2, -2], "threshold": [0.5, 1.5, 0.5, 1.5, 0.5, 0.5, 0.5, 0.5, 1.5, 0.5, -2.0, -2.0, -2.0, -2.0, -2.0, -2.0, 0.5, 0.5, 0.5, 0.5, 0.5, -2.0, -2.0, -2.0, -2.0, -2.0, -2.0, -2.0, -2.0, 3.5, 0.5, 0.5, 1.5, -2.0, -2.0, -2.0, -2.0, 2.5, 0.5, 4.5, 0.5, 0.5, -2.0, -2.0, -2.0, -2.0, -2.0, -2.0, 0.5, 0.5, 1.5, 0.5, 0.5, 0.5, 0.5, 0.5, -2.0, -2.0, -2.0, -2.0, 1.5, 0.5, 1.5, -2.0, -2.0, -2.0, -2.0, -2.0, -2.0, 2.5, -2.0, 0.5, -2.0, -2.0, 0.5, 0.5, 3.5, 0.5, -2.0, -2.0, -2.0, -2.0, 0.5, 3.5, -2.0, 0.5, -2.0, 0.5, 2.5, -2.0, -2.0, -2.0, -2.0], "value": [[0.3628472222222222, 0.3125, 0.3246527777777778], [0.367003367003367, 0.20875420875420875, 0.42424242424242425], [0.2596685082872928, 0.20994475138121546, 0.5303867403314917], [0.22023809523809523, 0.20833333333333334, 0.5714285714285714], [0.20606060606060606, 0.21212121212121213, 0.5818181818181818], [0.05405405405405406, 0.25675675675675674, 0.6891891891891891], [0.03333333333333333, 0.21666666666666667, 0.75], [0.037037037037037035, 0.14814814814814814, 0.8148148148148148], [0.04, 0.12, 0.84], [0.04878048780487805, 0.14634146341463414, 0.8048780487804879], [0.058823529411764705, 0.17647058823529413, 0.7647058823529411], [0.0, 0.0, 1.0], [0.0, 0.0, 1.0], [0.0, 0.5, 0.5], [0.0, 0.8333333333333334, 0.16666666666666666], [0.14285714285714285, 0.42857142857142855, 0.42857142857142855], [0.32967032967032966, 0.17582417582417584, 0.4945054945054945], [0.375, 0.1875, 0.4375], [0.453125, 0.171875, 0.375], [0.3125, 0.20833333333333334, 0.4791666666666667], [0.35714285714285715, 0.23809523809523808, 0.40476190476190477], [0.2894736842105263, 0.2631578947368421, 0.4473684210526316], [1.0, 0.0, 0.0], [0.0, 0.0, 1.0], [0.875, 0.0625, 0.0625], [0.0625, 0.25, 0.6875], [0.0, 0.09090909090909091, 0.9090909090909091], [1.0, 0.0, 0.0], [0.7692307692307693, 0.23076923076923078, 0.0], [0.5344827586206896, 0.20689655172413793, 0.25862068965517243], [0.3333333333333333, 0.3148148148148148, 0.35185185185185186], [0.391304347826087, 0.2391304347826087, 0.3695652173913043], [0.3333333333333333, 0.1111111111111111, 0.5555555555555556], [0.375, 0.0, 0.625], [0.0, 1.0, 0.0], [0.47368421052631576, 0.42105263157894735, 0.10526315789473684], [0.0, 0.75, 0.25], [0.7096774193548387, 0.11290322580645161, 0.1774193548387097], [0.8301886792452831, 0.03773584905660377, 0.1320754716981132], [0.8478260869565217, 0.0, 0.15217391304347827], [0.8863636363636364, 0.0, 0.11363636363636363], [0.9459459459459459, 0.0, 0.05405405405405406], [0.8181818181818182, 0.0, 0.18181818181818182], [1.0, 0.0, 0.0], [0.5714285714285714, 0.0, 0.42857142857142855], [0.0, 0.0, 1.0], [0.7142857142857143, 0.2857142857142857, 0.0], [0.0, 0.5555555555555556, 0.4444444444444444], [0.35842293906810035, 0.4229390681003584, 0.21863799283154123], [0.14545454545454545, 0.5818181818181818, 0.2727272727272727], [0.056910569105691054, 0.6585365853658537, 0.2845528455284553], [0.0660377358490566, 0.6037735849056604, 0.330188679245283], [0.011627906976744186, 0.6976744186046512, 0.29069767441860467], [0.0, 0.5128205128205128, 0.48717948717948717], [0.0, 0.5882352941176471, 0.4117647058823529], [0.0, 0.6666666666666666, 0.3333333333333333], [0.0, 0.4666666666666667, 0.5333333333333333], [0.0, 1.0, 0.0], [0.0, 0.4, 0.6], [0.0, 0.0, 1.0], [0.02127659574468085, 0.851063829787234, 0.1276595744680851], [0.03225806451612903, 0.7741935483870968, 0.1935483870967742], [0.0, 0.8846153846153846, 0.11538461538461539], [0.0, 0.9166666666666666, 0.08333333333333333], [0.0, 0.5, 0.5], [0.2, 0.2, 0.6], [0.0, 1.0, 0.0], [0.3, 0.2, 0.5], [0.0, 1.0, 0.0], [0.40476190476190477, 0.35714285714285715, 0.23809523809523808], [0.125, 0.5, 0.375], [0.5769230769230769, 0.2692307692307692, 0.15384615384615385], [0.75, 0.2, 0.05], [0.0, 0.5, 0.5], [0.6666666666666666, 0.19298245614035087, 0.14035087719298245], [0.47619047619047616, 0.3333333333333333, 0.19047619047619047], [0.42105263157894735, 0.3684210526315789, 0.21052631578947367], [0.23809523809523808, 0.6190476190476191, 0.14285714285714285], [0.11764705882352941, 0.7647058823529411, 0.11764705882352941], [0.75, 0.0, 0.25], [0.6470588235294118, 0.058823529411764705, 0.29411764705882354], [1.0, 0.0, 0.0], [0.7777777777777778, 0.1111111111111111, 0.1111111111111111], [0.8225806451612904, 0.11290322580645161, 0.06451612903225806], [0.5, 0.2857142857142857, 0.21428571428571427], [0.9166666666666666, 0.0625, 0.020833333333333332], [0.5, 0.0, 0.5], [0.9347826086956522, 0.06521739130434782, 0.0], [0.972972972972973, 0.02702702702702703, 0.0], [1.0, 0.0, 0.0], [0.8571428571428571, 0.14285714285714285, 0.0], [0.7777777777777778, 0.2222222222222222, 0.0], [0.5, 0.1, 0.4]]}, {"node_count": 79, "children_left": [1, 2, 3, 4, 5, 6, 7, 8, 9, 10, -1, -1, -1, -1, -1, 16, 17, 18, 19, -1, -1, -1, -1, -1, -1, -1, 27, 28, 29, 30, -1, 32, -1, -1, -1, -1, -1, 38, 39, 40, 41, -1, -1, -1, -1, 46, 47, 48, 49, 50, 51, -1, -1, 54, 55, -1, -1, -1, -1, -1, -1, 62, -1, -1, 65, 66, 67, -1, 69, -1, 71, 72, 73, -1, -1, -1, -1, -1, -1], "children_right": [64, 37, 26, 25, 24, 15, 14, 13, 12, 11, -1, -1, -1, -1, -1, 23, 22, 21, 20, -1, -1, -1, -1, -1, -1, -1, 36, 35, 34, 31, -1, 33, -1, -1, -1, -1, -1, 45, 44, 43, 42, -1, -1, -1, -1, 61, 60, 59, 58, 53, 52, -1, -1, 57, 56, -1, -1, -1, -1, -1, -1, 63, -1, -1, 78, 77, 68, -1, 70, -1, 76, 75, 74, -1, -1, -1, -1, -1, -1], "feature": [215, 250, 240, 11, 183, 245, 210, 121, 187, 173, -2, -2, -2, -2, -2, 34, 145, 13, 251, -2, -2, -2, -2, -2, -2, -2, 96, 175, 257, 241, -2, 25, -2, -2, -2, -2, -2, 161, 246, 82, 254, -2, -2, -2, -2, 116, 101, 45, 240, 162, 35, -2, -2, 100, 220, -2, -2, -2, -2, -2, -2, 82, -2, -2, 258, 85, 240, -2, 250, -2, 113, 200, 168, -2, -2, -2, -2, -2, -2], "threshold": [0.5, 0.5, 3.5, 1.5, 0.5, 0.5, 0.5, 0.5, 0.5, 1.5, -2.0, -2.0, -2.0, -2.0, -2.0, 0.5, 0.5, 0.5, 0.5, -2.0, -2.0, -2.0, -2.0, -2.0, -2.0, -2.0, 0.5, 0.5, 0.5, 2.5, -2.0, 0.5, -2.0, -2.0, -2.0, -2.0, -2.0, 0.5, 0.5, 2.5, 0.5, -2.0, -2.0, -2.0, -2.0, 0.5, 0.5, 0.5, 4.5, 0.5, 0.5, -2.0, -2.0, 0.5, 0.5, -2.0, -2.0, -2.0, -2.0, -2.0, -2.0, 3.0, -2.0, -2.0, 0.5, 2.5, 2.5, -2.0, 0.5, -2.0, 1.5, 0.5, 0.5, -2.0, -2.0, -2.0, -2.0, -2.0, -2.0], "value": [[0.3368055555555556, 0.3541666666666667, 0.3090277777777778], [0.2857142857142857, 0.37681159420289856, 0.33747412008281574], [0.12681159420289856, 0.4673913043478261, 0.4057971014492754], [0.0514018691588785, 0.49065420560747663, 0.45794392523364486], [0.05263157894736842, 0.5023923444976076, 0.4449760765550239], [0.053475935828877004, 0.5401069518716578, 0.40641711229946526], [0.06451612903225806, 0.3978494623655914, 0.5376344086021505], [0.07317073170731707, 0.45121951219512196, 0.47560975609756095], [0.07894736842105263, 0.4868421052631579, 0.4342105263157895], [0.08450704225352113, 0.5211267605633803, 0.39436619718309857], [0.09230769230769231, 0.47692307692307695, 0.4307692307692308], [0.0, 1.0, 0.0], [0.0, 0.0, 1.0], [0.0, 0.0, 1.0], [0.0, 0.0, 1.0], [0.0425531914893617, 0.6808510638297872, 0.2765957446808511], [0.044444444444444446, 0.7111111111111111, 0.24444444444444444], [0.04597701149425287, 0.735632183908046, 0.21839080459770116], [0.0625, 0.671875, 0.265625], [0.058823529411764705, 0.7254901960784313, 0.21568627450980393], [0.07692307692307693, 0.46153846153846156, 0.46153846153846156], [0.0, 0.9130434782608695, 0.08695652173913043], [0.0, 0.0, 1.0], [0.0, 0.0, 1.0], [0.045454545454545456, 0.18181818181818182, 0.7727272727272727], [0.0, 0.0, 1.0], [0.3870967741935484, 0.3870967741935484, 0.22580645161290322], [0.46153846153846156, 0.34615384615384615, 0.19230769230769232], [0.5384615384615384, 0.358974358974359, 0.10256410256410256], [0.7037037037037037, 0.18518518518518517, 0.1111111111111111], [0.0, 0.75, 0.25], [0.8260869565217391, 0.08695652173913043, 0.08695652173913043], [0.9047619047619048, 0.0, 0.09523809523809523], [0.0, 1.0, 0.0], [0.16666666666666666, 0.75, 0.08333333333333333], [0.23076923076923078, 0.3076923076923077, 0.46153846153846156], [0.0, 0.6, 0.4], [0.4975845410628019, 0.2560386473429952, 0.2463768115942029], [0.328125, 0.25, 0.421875], [0.1875, 0.25, 0.5625], [0.09302325581395349, 0.27906976744186046, 0.627906976744186], [0.058823529411764705, 0.5882352941176471, 0.35294117647058826], [0.11538461538461539, 0.07692307692307693, 0.8076923076923077], [1.0, 0.0, 0.0], [0.75, 0.25, 0.0], [0.5734265734265734, 0.25874125874125875, 0.16783216783216784], [0.5614035087719298, 0.32456140350877194, 0.11403508771929824], [0.5943396226415094, 0.2830188679245283, 0.12264150943396226], [0.5176470588235295, 0.32941176470588235, 0.15294117647058825], [0.4305555555555556, 0.3888888888888889, 0.18055555555555555], [0.38461538461538464, 0.2692307692307692, 0.34615384615384615], [0.47619047619047616, 0.14285714285714285, 0.38095238095238093], [0.0, 0.8, 0.2], [0.45652173913043476, 0.45652173913043476, 0.08695652173913043], [0.5555555555555556, 0.3333333333333333, 0.1111111111111111], [0.6451612903225806, 0.22580645161290322, 0.12903225806451613], [0.0, 1.0, 0.0], [0.1, 0.9, 0.0], [1.0, 0.0, 0.0], [0.9047619047619048, 0.09523809523809523, 0.0], [0.125, 0.875, 0.0], [0.6206896551724138, 0.0, 0.3793103448275862], [0.5217391304347826, 0.0, 0.4782608695652174], [1.0, 0.0, 0.0], [0.6021505376344086, 0.23655913978494625, 0.16129032258064516], [0.6986301369863014, 0.1643835616438356, 0.136986301369863], [0.7575757575757576, 0.10606060606060606, 0.13636363636363635], [0.0, 0.4, 0.6], [0.819672131147541, 0.08196721311475409, 0.09836065573770492], [0.125, 0.125, 0.75], [0.9245283018867925, 0.07547169811320754, 0.0], [0.9411764705882353, 0.058823529411764705, 0.0], [0.875, 0.125, 0.0], [1.0, 0.0, 0.0], [0.5714285714285714, 0.42857142857142855, 0.0], [1.0, 0.0, 0.0], [0.5, 0.5, 0.0], [0.14285714285714285, 0.7142857142857143, 0.14285714285714285], [0.25, 0.5, 0.25]]}, {"node_count": 93, "children_left": [1, 2, 3, 4, 5, 6, 7, 8, 9, 10, -1, -1, -1, -1, -1, -1, 17, 18, 19, 20, 21, -1, -1, -1, -1, -1, 27, 28, -1, -1, -1, -1, -1, 34, 35, 36, 37, 38, 39, 40, 41, -1, -1, -1, -1, -1, -1, 48, -1, -1, 51, 52, 53, 54, -1, -1, -1, -1, -1, 60, 61, -1, 63, 64, 65, 66, 67, -1, -1, -1, -1, -1, 73, -1, -1, -1, 77, 78, 79, 80, -1, -1, -1, 84, -1, -1, 87, -1, 89, 90, -1, -1, -1], "children_right": [76, 33, 32, 31, 16, 15, 14, 13, 12, 11, -1, -1, -1, -1, -1, -1, 26, 25, 24, 23, 22, -1, -1, -1, -1, -1, 30, 29, -1, -1, -1, -1, -1, 59, 50, 47, 46, 45, 44, 43, 42, -1, -1, -1, -1, -1, -1, 49, -1, -1, 58, 57, 56, 55, -1, -1, -1, -1, -1, 75, 62, -1, 72, 71, 70, 69, 68, -1, -1, -1, -1, -1, 74, -1, -1, -1, 86, 83, 82, 81, -1, -1, -1, 85, -1, -1, 88, -1, 92, 91, -1, -1, -1], "feature": [41, 247, 232, 159, 240, 258, 255, 218, 246, 95, -2, -2, -2, -2, -2, -2, 253, 112, 9, 124, 109, -2, -2, -2, -2, -2, 95, 192, -2, -2, -2, -2, -2, 240, 8, 256, 6, 206, 19, 257, 43, -2, -2, -2, -2, -2, -2, 84, -2, -2, 173, 92, 251, 2, -2, -2, -2, -2, -2, 176, 243, -2, 224, 87, 137, 34, 246, -2, -2, -2, -2, -2, 174, -2, -2, -2, 247, 0, 154, 243, -2, -2, -2, 253, -2, -2, 4, -2, 240, 83, -2, -2, -2], "threshold": [0.5, 0.5, 0.5, 0.5, 2.5, 0.5, 0.5, 0.5, 0.5, 0.5, -2.0, -2.0, -2.0, -2.0, -2.0, -2.0, 0.5, 0.5, 0.5, 0.5, 0.5, -2.0, -2.0, -2.0, -2.0, -2.0, 0.5, 0.5, -2.0, -2.0, -2.0, -2.0, -2.0, 3.5, 0.5, 0.5, 1.5, 0.5, 0.5, 0.5, 0.5, -2.0, -2.0, -2.0, -2.0, -2.0, -2.0, 0.5, -2.0, -2.0, 1.5, 0.5, 0.5, 0.5, -2.0, -2.0, -2.0, -2.0, -2.0, 1.5, 1.5, -2.0, 0.5, 4.0, 0.5, 0.5, 0.5, -2.0, -2.0, -2.0, -2.0, -2.0, 0.5, -2.0, -2.0, -2.0, 0.5, 0.5, 0.5, 3.5, -2.0, -2.0, -2.0, 0.5, -2.0, -2.0, 0.5, -2.0, 4.5, 3.5, -2.0, -2.0, -2.0], "value": [[0.3003472222222222, 0.3524305555555556, 0.3472222222222222], [0.33125, 0.29791666666666666, 0.37083333333333335], [0.11822660098522167, 0.4236453201970443, 0.458128078817734], [0.11891891891891893, 0.3945945945945946, 0.4864864864864865], [0.11801242236024845, 0.34782608695652173, 0.5341614906832298], [0.011627906976744186, 0.27906976744186046, 0.7093023255813954], [0.013333333333333334, 0.24, 0.7466666666666667], [0.015873015873015872, 0.2857142857142857, 0.6984126984126984], [0.017543859649122806, 0.3157894736842105, 0.6666666666666666], [0.02, 0.26, 0.72], [0.025, 0.175, 0.8], [0.0, 0.6, 0.4], [0.0, 0.7142857142857143, 0.2857142857142857], [0.0, 0.0, 1.0], [0.0, 0.0, 1.0], [0.0, 0.5454545454545454, 0.45454545454545453], [0.24, 0.4266666666666667, 0.3333333333333333], [0.175, 0.625, 0.2], [0.20588235294117646, 0.5588235294117647, 0.23529411764705882], [0.13333333333333333, 0.6333333333333333, 0.23333333333333334], [0.043478260869565216, 0.6521739130434783, 0.30434782608695654], [0.05263157894736842, 0.7368421052631579, 0.21052631578947367], [0.0, 0.25, 0.75], [0.42857142857142855, 0.5714285714285714, 0.0], [0.75, 0.0, 0.25], [0.0, 1.0, 0.0], [0.3142857142857143, 0.2, 0.4857142857142857], [0.44, 0.16, 0.4], [0.5789473684210527, 0.21052631578947367, 0.21052631578947367], [0.0, 0.0, 1.0], [0.0, 0.3, 0.7], [0.125, 0.7083333333333334, 0.16666666666666666], [0.1111111111111111, 0.7222222222222222, 0.16666666666666666], [0.48736462093862815, 0.20577617328519857, 0.30685920577617326], [0.28187919463087246, 0.2953020134228188, 0.4228187919463087], [0.3974358974358974, 0.1794871794871795, 0.4230769230769231], [0.3076923076923077, 0.15384615384615385, 0.5384615384615384], [0.25, 0.16666666666666666, 0.5833333333333334], [0.21739130434782608, 0.17391304347826086, 0.6086956521739131], [0.10256410256410256, 0.20512820512820512, 0.6923076923076923], [0.030303030303030304, 0.24242424242424243, 0.7272727272727273], [0.03571428571428571, 0.2857142857142857, 0.6785714285714286], [0.0, 0.0, 1.0], [0.5, 0.0, 0.5], [0.8571428571428571, 0.0, 0.14285714285714285], [1.0, 0.0, 0.0], [1.0, 0.0, 0.0], [0.5769230769230769, 0.23076923076923078, 0.19230769230769232], [0.2222222222222222, 0.2222222222222222, 0.5555555555555556], [0.7647058823529411, 0.23529411764705882, 0.0], [0.15492957746478872, 0.4225352112676056, 0.4225352112676056], [0.1724137931034483, 0.3448275862068966, 0.4827586206896552], [0.1836734693877551, 0.2857142857142857, 0.5306122448979592], [0.08333333333333333, 0.2777777777777778, 0.6388888888888888], [0.16666666666666666, 0.3888888888888889, 0.4444444444444444], [0.0, 0.16666666666666666, 0.8333333333333334], [0.46153846153846156, 0.3076923076923077, 0.23076923076923078], [0.1111111111111111, 0.6666666666666666, 0.2222222222222222], [0.07692307692307693, 0.7692307692307693, 0.15384615384615385], [0.7265625, 0.1015625, 0.171875], [0.7520661157024794, 0.10743801652892562, 0.14049586776859505], [0.0, 0.5, 0.5], [0.7777777777777778, 0.09401709401709402, 0.1282051282051282], [0.8260869565217391, 0.09782608695652174, 0.07608695652173914], [0.8539325842696629, 0.06741573033707865, 0.07865168539325842], [0.8780487804878049, 0.036585365853658534, 0.08536585365853659], [0.922077922077922, 0.03896103896103896, 0.03896103896103896], [0.9655172413793104, 0.017241379310344827, 0.017241379310344827], [0.7894736842105263, 0.10526315789473684, 0.10526315789473684], [0.2, 0.0, 0.8], [0.5714285714285714, 0.42857142857142855, 0.0], [0.0, 1.0, 0.0], [0.6, 0.08, 0.32], [0.5, 0.0, 0.5], [0.7777777777777778, 0.2222222222222222, 0.0], [0.2857142857142857, 0.0, 0.7142857142857143], [0.14583333333333334, 0.625, 0.22916666666666666], [0.0, 0.7, 0.3], [0.0, 0.8333333333333334, 0.16666666666666666], [0.0, 0.9285714285714286, 0.07142857142857142], [0.0, 0.8333333333333334, 0.16666666666666666], [0.0, 1.0, 0.0], [0.0, 0.5, 0.5], [0.0, 0.5, 0.5], [0.0, 0.631578947368421, 0.3684210526315789], [0.0, 0.0, 1.0], [0.3888888888888889, 0.5, 0.1111111111111111], [0.0, 0.0, 1.0], [0.42424242424242425, 0.5454545454545454, 0.030303030303030304], [0.2962962962962963, 0.6666666666666666, 0.037037037037037035], [0.17391304347826086, 0.782608695652174, 0.043478260869565216], [1.0, 0.0, 0.0], [1.0, 0.0, 0.0]]}, {"node_count": 91, "children_left": [1, 2, 3, 4, 5, 6, 7, 8, 9, 10, -1, -1, -1, -1, -1, -1, -1, -1, 19, -1, -1, 22, 23, 24, 25, -1, -1, -1, -1, -1, 31, 32, 33, 34, 35, 36, 37, 38, 39, -1, -1, -1, -1, -1, -1, -1, -1, 48, 49, 50, 51, 52, -1, -1, -1, -1, 57, 58, 59, 60, -1, 62, -1, -1, -1, -1, -1, -1, 69, 70, -1, 72, 73, 74, 75, -1, -1, 78, 79, -1, -1, -1, 83, -1, -1, -1, 87, -1, 89, -1, -1], "children_right": [30, 21, 18, 17, 16, 15, 14, 13, 12, 11, -1, -1, -1, -1, -1, -1, -1, -1, 20, -1, -1, 29, 28, 27, 26, -1, -1, -1, -1, -1, 68, 47, 46, 45, 44, 43, 42, 41, 40, -1, -1, -1, -1, -1, -1, -1, -1, 67, 56, 55, 54, 53, -1, -1, -1, -1, 66, 65, 64, 61, -1, 63, -1, -1, -1, -1, -1, -1, 86, 71, -1, 85, 82, 77, 76, -1, -1, 81, 80, -1, -1, -1, 84, -1, -1, -1, 88, -1, 90, -1, -1], "feature": [247, 200, 85, 175, 82, 217, 259, 3, 53, 96, -2, -2, -2, -2, -2, -2, -2, -2, 1, -2, -2, 183, 7, 243, 164, -2, -2, -2, -2, -2, 3, 84, 214, 175, 6, 91, 81, 153, 32, -2, -2, -2, -2, -2, -2, -2, -2, 24, 250, 166, 219, 241, -2, -2, -2, -2, 154, 81, 9, 81, -2, 85, -2, -2, -2, -2, -2, -2, 173, 241, -2, 34, 244, 89, 83, -2, -2, 62, 121, -2, -2, -2, 69, -2, -2, -2, 4, -2, 242, -2, -2], "threshold": [0.5, 0.5, 1.5, 0.5, 3.5, 0.5, 0.5, 2.5, 0.5, 0.5, -2.0, -2.0, -2.0, -2.0, -2.0, -2.0, -2.0, -2.0, 0.5, -2.0, -2.0, 0.5, 2.0, 4.5, 0.5, -2.0, -2.0, -2.0, -2.0, -2.0, 0.5, 0.5, 0.5, 0.5, 1.5, 0.5, 0.5, 0.5, 0.5, -2.0, -2.0, -2.0, -2.0, -2.0, -2.0, -2.0, -2.0, 0.5, 0.5, 0.5, 0.5, 3.5, -2.0, -2.0, -2.0, -2.0, 0.5, 6.5, 1.5, 0.5, -2.0, 0.5, -2.0, -2.0, -2.0, -2.0, -2.0, -2.0, 0.5, 1.5, -2.0, 0.5, 0.5, 0.5, 1.5, -2.0, -2.0, 0.5, 0.5, -2.0, -2.0, -2.0, 0.5, -2.0, -2.0, -2.0, 0.5, -2.0, 2.5, -2.0, -2.0], "value": [[0.359375, 0.296875, 0.34375], [0.09829059829059829, 0.4829059829059829, 0.4188034188034188], [0.09944751381215469, 0.43646408839779005, 0.46408839779005523], [0.0967741935483871, 0.4, 0.5032258064516129], [0.10416666666666667, 0.3680555555555556, 0.5277777777777778], [0.10714285714285714, 0.35, 0.5428571428571428], [0.11029411764705882, 0.33088235294117646, 0.5588235294117647], [0.09243697478991597, 0.3697478991596639, 0.5378151260504201], [0.06956521739130435, 0.3739130434782609, 0.5565217391304348], [0.07339449541284404, 0.3944954128440367, 0.5321100917431193], [0.054945054945054944, 0.3516483516483517, 0.5934065934065934], [0.16666666666666666, 0.6111111111111112, 0.2222222222222222], [0.0, 0.0, 1.0], [0.75, 0.25, 0.0], [0.23529411764705882, 0.058823529411764705, 0.7058823529411765], [0.0, 1.0, 0.0], [0.0, 1.0, 0.0], [0.0, 0.8181818181818182, 0.18181818181818182], [0.11538461538461539, 0.6538461538461539, 0.23076923076923078], [0.05263157894736842, 0.8947368421052632, 0.05263157894736842], [0.2857142857142857, 0.0, 0.7142857142857143], [0.09433962264150944, 0.6415094339622641, 0.2641509433962264], [0.06, 0.68, 0.26], [0.02127659574468085, 0.7021276595744681, 0.2765957446808511], [0.0, 0.7894736842105263, 0.21052631578947367], [0.0, 0.6363636363636364, 0.36363636363636365], [0.0, 1.0, 0.0], [0.1111111111111111, 0.3333333333333333, 0.5555555555555556], [0.6666666666666666, 0.3333333333333333, 0.0], [0.6666666666666666, 0.0, 0.3333333333333333], [0.5380116959064327, 0.1695906432748538, 0.29239766081871343], [0.42777777777777776, 0.20555555555555555, 0.36666666666666664], [0.275, 0.3125, 0.4125], [0.29333333333333333, 0.3333333333333333, 0.37333333333333335], [0.3142857142857143, 0.2857142857142857, 0.4], [0.27692307692307694, 0.2923076923076923, 0.4307692307692308], [0.2641509433962264, 0.3584905660377358, 0.37735849056603776], [0.15789473684210525, 0.47368421052631576, 0.3684210526315789], [0.15151515151515152, 0.5454545454545454, 0.30303030303030304], [0.19230769230769232, 0.4230769230769231, 0.38461538461538464], [0.0, 1.0, 0.0], [0.2, 0.0, 0.8], [0.5333333333333333, 0.06666666666666667, 0.4], [0.3333333333333333, 0.0, 0.6666666666666666], [0.8, 0.2, 0.0], [0.0, 1.0, 0.0], [0.0, 0.0, 1.0], [0.55, 0.12, 0.33], [0.5670103092783505, 0.12371134020618557, 0.30927835051546393], [0.2619047619047619, 0.23809523809523808, 0.5], [0.21875, 0.125, 0.65625], [0.28, 0.16, 0.56], [0.05555555555555555, 0.16666666666666666, 0.7777777777777778], [0.8571428571428571, 0.14285714285714285, 0.0], [0.0, 0.0, 1.0], [0.4, 0.6, 0.0], [0.8, 0.03636363636363636, 0.16363636363636364], [0.86, 0.04, 0.1], [0.9111111111111111, 0.044444444444444446, 0.044444444444444446], [0.9302325581395349, 0.023255813953488372, 0.046511627906976744], [0.8333333333333334, 0.08333333333333333, 0.08333333333333333], [0.967741935483871, 0.0, 0.03225806451612903], [0.9545454545454546, 0.0, 0.045454545454545456], [1.0, 0.0, 0.0], [0.5, 0.5, 0.0], [0.4, 0.0, 0.6], [0.2, 0.0, 0.8], [0.0, 0.0, 1.0], [0.6604938271604939, 0.12962962962962962, 0.20987654320987653], [0.7521367521367521, 0.09401709401709402, 0.15384615384615385], [0.0, 0.6, 0.4], [0.7857142857142857, 0.07142857142857142, 0.14285714285714285], [0.8130841121495327, 0.07476635514018691, 0.11214953271028037], [0.9012345679012346, 0.012345679012345678, 0.08641975308641975], [0.9454545454545454, 0.01818181818181818, 0.03636363636363636], [1.0, 0.0, 0.0], [0.8125, 0.0625, 0.125], [0.8076923076923077, 0.0, 0.19230769230769232], [0.9130434782608695, 0.0, 0.08695652173913043], [0.9523809523809523, 0.0, 0.047619047619047616], [0.5, 0.0, 0.5], [0.0, 0.0, 1.0], [0.5384615384615384, 0.2692307692307692, 0.19230769230769232], [0.65, 0.35, 0.0], [0.16666666666666666, 0.0, 0.8333333333333334], [0.2, 0.0, 0.8], [0.4222222222222222, 0.2222222222222222, 0.35555555555555557], [0.0, 0.6363636363636364, 0.36363636363636365], [0.5588235294117647, 0.08823529411764706, 0.35294117647058826], [0.8571428571428571, 0.07142857142857142, 0.07142857142857142], [0.35, 0.1, 0.55]]}, {"node_count": 91, "children_left": [1, 2, 3, 4, 5, 6, 7, 8, 9, 10, -1, -1, 13, -1, -1, -1, -1, -1, 19, 20, 21, 22, 23, -1, -1, -1, -1, -1, -1, -1, 31, 32, 33, -1, -1, -1, -1, 38, -1, -1, 41, 42, 43, 44, 45, 46, 47, 48, 49, -1, -1, -1, -1, -1, 55, 56, 57, -1, 59, -1, -1, -1, 63, 64, -1, -1, 67, 68, -1, -1, -1, -1, -1, 74, 75, 76, -1, -1, -1, 80, 81, -1, 83, -1, -1, -1, 87, 88, -1, -1, -1], "children_right": [40, 37, 30, 29, 18, 17, 16, 15, 12, 11, -1, -1, 14, -1, -1, -1, -1, -1, 28, 27, 26, 25, 24, -1, -1, -1, -1, -1, -1, -1, 36, 35, 34, -1, -1, -1, -1, 39, -1, -1, 86, 73, 72, 71, 54, 53, 52, 51, 50, -1, -1, -1, -1, -1, 62, 61, 58, -1, 60, -1, -1, -1, 66, 65, -1, -1, 70, 69, -1, -1, -1, -1, -1, 79, 78, 77, -1, -1, -1, 85, 82, -1, 84, -1, -1, -1, 90, 89, -1, -1, -1], "feature": [83, 192, 174, 158, 41, 95, 113, 109, 246, 68, -2, -2, 52, -2, -2, -2, -2, -2, 176, 175, 249, 164, 241, -2, -2, -2, -2, -2, -2, -2, 81, 244, 250, -2, -2, -2, -2, 157, -2, -2, 154, 242, 104, 192, 160, 169, 86, 81, 163, -2, -2, -2, -2, -2, 6, 2, 243, -2, 95, -2, -2, -2, 245, 254, -2, -2, 179, 240, -2, -2, -2, -2, -2, 240, 251, 21, -2, -2, -2, 153, 163, -2, 113, -2, -2, -2, 39, 127, -2, -2, -2], "threshold": [0.5, 0.5, 0.5, 0.5, 0.5, 0.5, 0.5, 0.5, 0.5, 0.5, -2.0, -2.0, 0.5, -2.0, -2.0, -2.0, -2.0, -2.0, 1.5, 0.5, 0.5, 0.5, 3.5, -2.0, -2.0, -2.0, -2.0, -2.0, -2.0, -2.0, 1.5, 0.5, 0.5, -2.0, -2.0, -2.0, -2.0, 0.5, -2.0, -2.0, 0.5, 3.5, 1.5, 0.5, 0.5, 0.5, 1.5, 2.5, 0.5, -2.0, -2.0, -2.0, -2.0, -2.0, 0.5, 0.5, 1.5, -2.0, 0.5, -2.0, -2.0, -2.0, 0.5, 0.5, -2.0, -2.0, 1.5, 2.5, -2.0, -2.0, -2.0, -2.0, -2.0, 3.5, 0.5, 0.5, -2.0, -2.0, -2.0, 0.5, 0.5, -2.0, 0.5, -2.0, -2.0, -2.0, 0.5, 0.5, -2.0, -2.0, -2.0], "value": [[0.3559027777777778, 0.3315972222222222, 0.3125], [0.24034334763948498, 0.3776824034334764, 0.38197424892703863], [0.2660098522167488, 0.4039408866995074, 0.33004926108374383], [0.2976190476190476, 0.4226190476190476, 0.27976190476190477], [0.25, 0.4551282051282051, 0.2948717948717949], [0.32432432432432434, 0.34234234234234234, 0.3333333333333333], [0.2755102040816326, 0.3673469387755102, 0.35714285714285715], [0.3, 0.37777777777777777, 0.32222222222222224], [0.3375, 0.4, 0.2625], [0.3541666666666667, 0.2916666666666667, 0.3541666666666667], [0.38636363636363635, 0.22727272727272727, 0.38636363636363635], [0.0, 1.0, 0.0], [0.3125, 0.5625, 0.125], [0.37037037037037035, 0.48148148148148145, 0.14814814814814814], [0.0, 1.0, 0.0], [0.0, 0.2, 0.8], [0.0, 0.25, 0.75], [0.6923076923076923, 0.15384615384615385, 0.15384615384615385], [0.06666666666666667, 0.7333333333333333, 0.2], [0.024390243902439025, 0.8048780487804879, 0.17073170731707318], [0.034482758620689655, 0.7241379310344828, 0.2413793103448276], [0.0, 0.8076923076923077, 0.19230769230769232], [0.0, 0.9444444444444444, 0.05555555555555555], [0.0, 1.0, 0.0], [0.0, 0.5, 0.5], [0.0, 0.5, 0.5], [0.3333333333333333, 0.0, 0.6666666666666666], [0.0, 1.0, 0.0], [0.5, 0.0, 0.5], [0.9166666666666666, 0.0, 0.08333333333333333], [0.11428571428571428, 0.3142857142857143, 0.5714285714285714], [0.034482758620689655, 0.27586206896551724, 0.6896551724137931], [0.04, 0.2, 0.76], [0.0, 0.07692307692307693, 0.9230769230769231], [0.08333333333333333, 0.3333333333333333, 0.5833333333333334], [0.0, 0.75, 0.25], [0.5, 0.5, 0.0], [0.06666666666666667, 0.2, 0.7333333333333333], [0.08, 0.08, 0.84], [0.0, 0.8, 0.2], [0.43440233236151604, 0.30029154518950435, 0.2653061224489796], [0.45791245791245794, 0.32323232323232326, 0.21885521885521886], [0.40476190476190477, 0.4, 0.19523809523809524], [0.4158415841584158, 0.3811881188118812, 0.20297029702970298], [0.43005181347150256, 0.38860103626943004, 0.18134715025906736], [0.17857142857142858, 0.5178571428571429, 0.30357142857142855], [0.17777777777777778, 0.6, 0.2222222222222222], [0.13953488372093023, 0.627906976744186, 0.23255813953488372], [0.125, 0.5625, 0.3125], [0.08, 0.52, 0.4], [0.2857142857142857, 0.7142857142857143, 0.0], [0.18181818181818182, 0.8181818181818182, 0.0], [1.0, 0.0, 0.0], [0.18181818181818182, 0.18181818181818182, 0.6363636363636364], [0.5328467153284672, 0.3357664233576642, 0.13138686131386862], [0.673469387755102, 0.10204081632653061, 0.22448979591836735], [0.7692307692307693, 0.02564102564102564, 0.20512820512820512], [0.0, 0.3333333333333333, 0.6666666666666666], [0.8333333333333334, 0.0, 0.16666666666666666], [0.875, 0.0, 0.125], [0.5, 0.0, 0.5], [0.3, 0.4, 0.3], [0.45454545454545453, 0.4659090909090909, 0.07954545454545454], [0.5641025641025641, 0.28205128205128205, 0.15384615384615385], [0.3333333333333333, 0.5333333333333333, 0.13333333333333333], [0.7083333333333334, 0.125, 0.16666666666666666], [0.3673469387755102, 0.6122448979591837, 0.02040816326530612], [0.32608695652173914, 0.6521739130434783, 0.021739130434782608], [0.0, 1.0, 0.0], [0.46875, 0.5, 0.03125], [1.0, 0.0, 0.0], [0.1111111111111111, 0.2222222222222222, 0.6666666666666666], [0.125, 0.875, 0.0], [0.5862068965517241, 0.13793103448275862, 0.27586206896551724], [0.29411764705882354, 0.23529411764705882, 0.47058823529411764], [0.20833333333333334, 0.16666666666666666, 0.625], [0.3333333333333333, 0.2, 0.4666666666666667], [0.0, 0.1111111111111111, 0.8888888888888888], [0.5, 0.4, 0.1], [0.7735849056603774, 0.07547169811320754, 0.1509433962264151], [0.9024390243902439, 0.024390243902439025, 0.07317073170731707], [0.75, 0.0, 0.25], [0.939393939393